| Run on Sat May 23 21:36:49 2026
| GB non-polar solvation energies calculated with gbsa=2
idecomp = 1: Per-residue decomp adding 1-4 interactions to Internal.
Energy Decomposition Analysis (All units kcal/mol): Generalized Born solvent
DELTAS:
Total Energy Decomposition:
Residue,Location,Internal,,,van der Waals,,,Electrostatic,,,Polar Solvation,,,Non-Polar Solv.,,,TOTAL,,
,,Avg.,Std. Dev.,Std. Err. of Mean,Avg.,Std. Dev.,Std. Err. of Mean,Avg.,Std. Dev.,Std. Err. of Mean,Avg.,Std. Dev.,Std. Err. of Mean,Avg.,Std. Dev.,Std. Err. of Mean
GLU   1,R GLU   1,0.0,0.0,0.0,-0.005383999999999993,0.0067679054366917455,0.00012356448249126404,0.08503533333333362,0.1316416781198962,0.0024034372204700468,-0.027064999999999954,0.11762697015707455,0.002147564830867224,-1.0319999999999958e-06,4.102281043517131e-05,7.489706215867215e-07,0.052585301333334104,0.03204904474320313,0.0005851328250781572
HID   2,R HID   2,0.0,0.0,0.0,-0.015607000000000032,0.022090115836424812,0.0004033084913837323,0.003935333333333449,0.03532473852069619,0.0006449385375252325,0.023944666666666652,0.038009326989861515,0.0006939521929312362,-0.0006843624000000001,0.0037397177127085728,6.827759166507031e-05,0.011588637600000031,0.009729733979293165,0.0001776398259661123
CYS   3,R CYS   3,0.0,0.0,0.0,-0.006675333333333289,0.003885947960994311,7.094737851759299e-05,-0.008515666666666505,0.018854983988914414,0.00034424333507090537,0.01878800000000003,0.021770034206067396,0.0003974646270774061,0.0,0.0,0.0,0.0035970000000000706,0.006167597398231069,0.00011260440735404432
GLU   4,R GLU   4,0.0,0.0,0.0,-0.004057333333333305,0.0030934413774234746,5.647825409115631e-05,0.46031233333333443,0.08095099823074178,0.0014779562594512687,-0.4482416666666669,0.08355245416635873,0.0015254521293943724,0.0,0.0,0.0,0.008013333333333707,0.009366846973352702,0.0001710144460001422
ARG   5,R ARG   5,0.0,0.0,0.0,-0.0012663333333333368,0.0005774079051147078,1.0541977817104268e-05,-0.3142190000000003,0.06313833256429566,0.0011527429662909242,0.3195273333333337,0.06320503080890856,0.001153960704061607,0.0,0.0,0.0,0.004042000000000759,0.004221481098698568,7.707334746129662e-05
LEU   6,R LEU   6,0.0,0.0,0.0,-0.0030806666666666834,0.0007942456938645222,1.4500876091031378e-05,0.013579666666666601,0.008362474906123995,0.00015267720475516694,-0.008364000000000028,0.009195587927551456,0.0001678876979147371,0.0,0.0,0.0,0.00213499999999991,0.002247392934046024,4.103159351849091e-05
PRO   7,R PRO   7,0.0,0.0,0.0,-0.0009710000000000025,0.0003514147596975497,6.415926364220176e-06,0.017063999999999982,0.01190234867578672,0.00021730616190067097,-0.01527566666666668,0.012496573179164933,0.0002281551673914227,0.0,0.0,0.0,0.0008173333333332238,0.0014571546093519773,2.6603881643823542e-05
TYR   8,R TYR   8,0.0,0.0,0.0,-0.002737666666666649,0.0005330865053839689,9.732783470013298e-06,-0.012853333333333305,0.007517212840467287,0.00013724490140971387,0.011624999999999948,0.007372722812276851,0.00013460688648389858,0.0,0.0,0.0,-0.0039659999999999635,0.002276732453905431,4.156725741360318e-05
ASP   9,R ASP   9,0.0,0.0,0.0,-0.0008879999999999898,0.0003805119358617851,6.947165689048622e-06,0.2922620000000008,0.060026983010416535,0.00109593775512615,-0.286892333333334,0.05959574991464077,0.0010880645519895109,0.0,0.0,0.0,0.004481666666667053,0.0018153963448481645,3.3144450962858906e-05
ALA  10,R ALA  10,0.0,0.0,0.0,-0.00048733333333332286,0.0004998395298048514,9.125779520229765e-06,0.0030976666666665976,0.004474683738048376,8.169617403435444e-05,-0.0015053333333333262,0.004328506850584351,7.902736141268976e-05,0.0,0.0,0.0,0.001104999999999832,0.0011129427957747113,2.031946248195582e-05
SER  11,R SER  11,0.0,0.0,0.0,-0.0003810000000000004,0.0004856325771609632,8.866397239014255e-06,-0.008913333333333403,0.004275646799673066,7.8062273336857e-05,0.011011333333333236,0.0041941870355158405,7.65750283249249e-05,0.0,0.0,0.0,0.0017169999999999944,0.0010338815212585309,1.8876007699368477e-05
LYS  12,R LYS  12,0.0,0.0,0.0,-0.0017163333333333325,0.00056792008436238,1.036875470218375e-05,-0.2655463333333331,0.0698021479126691,0.001274407032469367,0.2850669999999997,0.07123479845553016,0.0013005635331142678,0.0,0.0,0.0,0.017804333333333457,0.007827987047908363,0.0001429188361999228
TRP  13,R TRP  13,0.0,0.0,0.0,-0.008539333333333324,0.0012161905917878468,2.220450071159203e-05,0.024592333333333594,0.014605620193002138,0.000266660921535341,-0.05343900000000002,0.016871226363248826,0.00030802504173090765,0.0,0.0,0.0,-0.03738599999999987,0.009300125662233162,0.00016979628709459246
GLU  14,R GLU  14,0.0,0.0,0.0,-0.0014496666666666597,0.0004974601044863525,9.08233735620174e-06,0.45039066666666594,0.10148382816762641,0.001852832730312905,-0.4540293333333337,0.10157418539941865,0.0018544824201157828,0.0,0.0,0.0,-0.005088333333333179,0.004792062592338191,8.7490692626677e-05
PHE  15,R PHE  15,0.0,0.0,0.0,-0.003199333333333336,0.0004928822261851465,8.998757115832272e-06,0.019303333333333436,0.004637814379879659,8.467451844606408e-05,-0.02582133333333365,0.005902943747729715,0.00010777251487718831,0.0,0.0,0.0,-0.009717333333332974,0.0032630404362936,5.9574695100316786e-05
PRO  16,R PRO  16,0.0,0.0,0.0,-0.0009366666666666677,0.00028865588894421557,5.270111391048432e-06,0.009792666666666684,0.009353698709898509,0.0001707743926506128,-0.0084463333333333,0.009256733759209435,0.00016900406295795338,0.0,0.0,0.0,0.00040966666666690564,0.002008939991360819,3.667805833141847e-05
ARG  17,R ARG  17,0.0,0.0,0.0,-0.0018636666666666593,0.00044016650889795397,8.03630419939026e-06,-0.4724979999999997,0.11689726256846426,0.0021342422539784058,0.4889323333333326,0.11698497804372196,0.0021358437121264365,0.0,0.0,0.0,0.014570666666666777,0.003842265766734748,7.014985441235014e-05
ASP  18,R ASP  18,0.0,0.0,0.0,-0.0006173333333333413,0.00048603795005006865,8.87379830153306e-06,0.1939276666666672,0.10081703444634454,0.0018406587982346086,-0.19028633333333334,0.10040799277558532,0.001833190753233461,0.0,0.0,0.0,0.003024000000000001,0.0014322793023710569,2.614972275187968e-05
ARG  19,R ARG  19,0.0,0.0,0.0,-0.0014116666666666813,0.0004948372347438329,9.034450525422546e-06,-0.1713023333333331,0.08703432040229288,0.001589022018715597,0.17974566666666691,0.0873945325209502,0.0015955985621447751,0.0,0.0,0.0,0.007031666666666221,0.0037769472534785052,6.895730697457866e-05
LEU  20,R LEU  20,0.0,0.0,0.0,-0.006077000000000017,0.0009948556009125933,1.816349513600615e-05,-0.02050800000000011,0.01678793026750643,0.000306504270044567,0.03734133333333372,0.016951622092163464,0.00030949286020602823,0.0,0.0,0.0,0.010756333333333225,0.003225878674442238,5.889621725889592e-05
LYS  21,R LYS  21,0.0,0.0,0.0,-0.0045833333333333065,0.0009683605848142662,1.7679764536722272e-05,0.014942666666666828,0.16140145201604866,0.002946773869442584,0.008296333333333291,0.15822627000561185,0.0028888032423992223,0.0,0.0,0.0,0.018655666666667004,0.009664217569064984,0.00017644366544048774
LEU  22,R LEU  22,0.0,0.0,0.0,-0.01030466666666659,0.0016834027708449587,3.073458903194946e-05,-0.06306000000000028,0.02405728718427464,0.0004392239621069054,0.08735466666666669,0.025307091461132615,0.00046204216193695686,0.0,0.0,0.0,0.013989999999999668,0.0041495260773570745,7.575963451747988e-05
GLY  23,R GLY  23,0.0,0.0,0.0,-0.011219000000000022,0.0030436336288495055,5.556889317673935e-05,0.06001699999999998,0.04227446878436222,0.0007718226719914394,-0.012516666666666664,0.04526490607769139,0.0008264203374034754,0.0,0.0,0.0,0.036281333333333714,0.008492870631038532,0.00015505789408643128
LYS  24,R LYS  24,0.0,0.0,0.0,-0.18989066666666615,0.18301036231014103,0.00334129678981525,1.379392666666667,0.7492249220447007,0.013678913014964406,-1.1309000000000025,0.6391183307233989,0.011668650888408419,-0.041982583200000034,0.061320823770511276,0.0011195599474636006,0.01661941680000017,0.16751517165180413,0.0030583946079347684
PRO  25,R PRO  25,0.0,0.0,0.0,-0.18324299999999985,0.09910434879963766,0.001809389579480719,-0.34919833333333367,0.16805091787081072,0.0030681759509097024,0.5927733333333338,0.21393965182317962,0.0039059857749452237,-0.01568320079999998,0.021787644797589267,0.000397786151018324,0.044648799199999846,0.04674038330705528,0.000853358742790403
LEU  26,R LEU  26,0.0,0.0,0.0,-3.1417349999999975,0.5124124433582253,0.00935532846578794,-0.8218449999999983,0.44821134706929294,0.008183182177320959,1.6621843333333308,0.5054157209874106,0.0092275863767514,-0.45501919440000044,0.05242976006889709,0.0009572320758106182,-2.756414861066667,0.4853756712904584,0.00886170680099989
GLY  27,R GLY  27,0.0,0.0,0.0,-0.16596933333333322,0.05087567584699811,0.0009288585096573871,0.18765266666666647,0.0948278160293111,0.0017313111306067888,-0.14871133333333325,0.08936699617246259,0.0016316106566711865,-0.0012518327999999986,0.004678424332037896,8.541595134127316e-05,-0.12827983279999994,0.05527252030072238,0.0010091335392955958
ARG  28,R ARG  28,0.0,0.0,0.0,-0.032504000000000116,0.007672243305143077,0.00014007535749649517,-0.3993459999999995,0.2565556657283819,0.004684044179172994,0.4584313333333331,0.24905294741926326,0.004547063910489284,0.0,0.0,0.0,0.02658133333333251,0.015541451612452368,0.00028374678748383994
GLY  29,R GLY  29,0.0,0.0,0.0,-0.006366999999999986,0.0010845787200568478,1.980160767884054e-05,-0.058365000000000056,0.032821950607278855,0.0005992440909642338,0.07566300000000015,0.03735972114903006,0.0006820920671808862,0.0,0.0,0.0,0.010930999999999889,0.008432609659332405,0.00015395768430174375
ALA  30,R ALA  30,0.0,0.0,0.0,-0.0029663333333333312,0.0006869254366782972,1.2541485233092999e-05,-0.044739666666666636,0.016771758799310123,0.00030620902078059713,0.05942433333333356,0.019326344917982876,0.00035284916885681836,0.0,0.0,0.0,0.01171833333333334,0.005124938753021148,9.356815202873599e-05
PHE  31,R PHE  31,0.0,0.0,0.0,-0.006146333333333332,0.001382601372614664,2.524273199395523e-05,-0.03590899999999984,0.02526847942265895,0.00046133720578818074,0.07113866666666671,0.029321632029763685,0.0005353373095189186,0.0,0.0,0.0,0.02908333333333338,0.00912653944396337,0.00016662705084731312
GLY  32,R GLY  32,0.0,0.0,0.0,-0.009011999999999949,0.0012222340201454953,2.2314838112797046e-05,-0.1617113333333337,0.036095955519819395,0.0006590189690969399,0.19865233333333374,0.04018495731682747,0.0007336735864936226,0.0,0.0,0.0,0.027928999999999888,0.010510183585456518,0.00019188882110916867
GLN  33,R GLN  33,0.0,0.0,0.0,-0.04723033333333338,0.007039551114158341,0.0001285240313311716,0.061447666666666685,0.08071355892633869,0.0014736212306826052,-0.021881333333333298,0.08218320541056767,0.001500453181714951,0.0,0.0,0.0,-0.007664000000000103,0.02534583011069087,0.00046274942967730164
VAL  34,R VAL  34,0.0,0.0,0.0,-1.075234333333333,0.1998421379186284,0.0036486015626030427,-0.4003860000000002,0.10805688472898327,0.0019728397753266545,0.33103633333333365,0.08424243791910947,0.0015380494515841608,-0.07904708880000003,0.01685722526587467,0.0003077694178355192,-1.223631088799997,0.21587074187720398,0.0039412424943839905
ILE  35,R ILE  35,0.0,0.0,0.0,-0.13158466666666632,0.022096745572343642,0.0004034295332475005,0.23389933333333368,0.0720208710459823,0.0013149151894351731,-0.20509933333333363,0.07192959149674638,0.0013132486604966593,0.0,0.0,0.0,-0.10278466666666655,0.03116581938955344,0.0005690074100930102
GLU  36,R GLU  36,0.0,0.0,0.0,-0.31821966666666673,0.13235636017920965,0.0024164854699810544,-0.8575306666666691,0.8965828103004314,0.016369287662430714,1.416637666666672,1.064224650022046,0.01942999490233718,-0.02459281439999999,0.028175537129209692,0.0005144125751830832,0.2162945189333329,0.2373729704439067,0.004333817681804492
ALA  37,R ALA  37,0.0,0.0,0.0,-0.028053666666666872,0.013572820385689771,0.0002478046631402752,0.0017539999999998913,0.040330635386349484,0.000736333291987323,0.003189333333333347,0.047029503004910454,0.0008586373221348816,0.0,0.0,0.0,-0.023110333333333382,0.01149510736018678,0.0002098709867372654
ASP  38,R ASP  38,0.0,0.0,0.0,-0.010372333333333207,0.002938542930698257,5.365020831135918e-05,-0.09017533333333336,0.29853719353690045,0.0054505185051481955,0.13389899999999966,0.29962947807639556,0.005470460801198049,0.0,0.0,0.0,0.0333513333333334,0.011201126352093069,0.00020450365241689758
ALA  39,R ALA  39,0.0,0.0,0.0,-0.003956000000000021,0.0006648789363480626,1.2138973048262512e-05,-0.015441999999999994,0.007140492700087483,0.00013036696411796282,0.019712333333333557,0.008310931429280969,0.00015173615392319458,0.0,0.0,0.0,0.000314333333333318,0.0034850434558106273,6.36278971544413e-05
PHE  40,R PHE  40,0.0,0.0,0.0,-0.0016106666666666932,0.0005238506996803255,9.564161499325952e-06,0.017902999999999954,0.005740405705754851,0.00010480498980910983,-0.012737333333333368,0.005907650933793638,0.00010785845594350781,0.0,0.0,0.0,0.0035549999999999566,0.0027122515247176827,4.9518711390521844e-05
GLY  41,R GLY  41,0.0,0.0,0.0,-0.0006800000000000034,0.0004664761515875968,8.516650358757536e-06,0.009249000000000023,0.005065076406136449,9.247522010427104e-05,-0.0010053333333333303,0.005175709763458101,9.449509961819098e-05,0.0,0.0,0.0,0.00756366666666667,0.002270670948322567,4.145658996893057e-05
ILE  42,R ILE  42,0.0,0.0,0.0,-0.006005999999999996,0.0009612304614400821,1.7549586889727755e-05,0.003976000000000049,0.010896425591296586,0.0001989406030843236,0.011391333333333345,0.01229518299533966,0.00022447830250671557,0.0,0.0,0.0,0.00936133333333328,0.005128232790694831,9.362829265337426e-05
ASP  43,R ASP  43,0.0,0.0,0.0,-0.003458666666666651,0.0016994974420562897,3.102843618121863e-05,0.10542800000000015,0.10479201694785754,0.0019132317176268415,-0.10258899999999999,0.10455796835089459,0.0019089585944232067,0.0,0.0,0.0,-0.0006196666666667526,0.01001746873660635,0.00018289311987140252
LYS  44,R LYS  44,0.0,0.0,0.0,-0.0013573333333333287,0.0007445219196833006,1.3593048332253108e-05,-0.01350000000000011,0.06493466459963174,0.0011855393521750155,0.022199999999999984,0.0662346736989018,0.0012092741624627553,0.0,0.0,0.0,0.007342666666665977,0.009808767144187677,0.00017908276753957061
THR  45,R THR  45,0.0,0.0,0.0,-0.00039199999999999934,0.0004881966816765514,8.913211168447206e-06,-0.006838666666666684,0.004002329099689642,7.307219768197865e-05,0.008872999999999982,0.0041896942211414965,7.649300113227452e-05,0.0,0.0,0.0,0.0016423333333333628,0.0011223819413294033,2.049179691341847e-05
ALA  46,R ALA  46,0.0,0.0,0.0,-0.0002919999999999963,0.0004546823066713686,8.30132519541301e-06,-0.010749333333333217,0.003013829162746806,5.502474056344447e-05,0.012576666666666611,0.0030635690877725327,5.593286319495134e-05,0.0,0.0,0.0,0.0015353333333334733,0.0008955919209601595,1.635119658097544e-05
THR  47,R THR  47,0.0,0.0,0.0,-0.0010039999999999884,0.0003483063785423427,6.359175348352482e-06,0.013087666666666685,0.006222538165589977,0.0001136074839410149,-0.004124333333333316,0.006440357745412139,0.00011758430718551141,0.0,0.0,0.0,0.00795933333333333,0.0019028959217173675,3.474196736363956e-05
CYS  48,R CYS  48,0.0,0.0,0.0,-0.0021030000000000037,0.00046732322861141106,8.532115798553782e-06,-0.011606666666666505,0.010391821570617745,0.0001897278362598701,0.03171366666666708,0.01123656293336721,0.00020515063291438797,0.0,0.0,0.0,0.018004000000000252,0.0035671628315322636,6.512718497080738e-05
ARG  49,R ARG  49,0.0,0.0,0.0,-0.01799233333333327,0.007875930075588662,0.00014379415212444259,-0.07558299999999984,0.17485939049514382,0.00319248108552649,0.22186866666666658,0.21371983081803295,0.003901972410840814,0.0,0.0,0.0,0.12829333333333262,0.08222135137677,0.001501149628587179
THR  50,R THR  50,0.0,0.0,0.0,-0.05936100000000007,0.02902915796803891,0.0005299974881491914,-0.02264333333333337,0.0776807491524696,0.0014182499531569305,0.06307033333333344,0.07833540314925003,0.0014302022452035155,-0.00016632,0.003219339143513774,5.877682230539518e-05,-0.019100320000000125,0.05050481293858021,0.0009220875103013052
VAL  51,R VAL  51,0.0,0.0,0.0,-0.10586233333333357,0.02420261792772421,0.00044187732632311623,-0.05226300000000018,0.07576557154143278,0.001383283753850473,0.10131800000000013,0.09328446570928418,0.00170313353779307,-2.8593599999999997e-05,0.00048194736139856595,8.799114712269636e-06,-0.05683592693333336,0.05752637714951809,0.0010502831472113598
ALA  52,R ALA  52,0.0,0.0,0.0,-0.7901793333333333,0.16140117256767877,0.0029467687674367225,-0.19442766666666655,0.08934042068341132,0.0016311254568435161,0.20907299999999998,0.07858954767863968,0.0014348422682572905,-0.04558831199999983,0.014632473155300385,0.0002671511873082272,-0.8211223119999999,0.18500609079007588,0.0033777336400524437
VAL  53,R VAL  53,0.0,0.0,0.0,-0.14144166666666652,0.024588315596820565,0.0004489191701144908,-0.03470233333333339,0.069026789928903,0.0012602509972076865,0.031288999999999935,0.06267788668262528,0.001144336413094217,-3.8495999999999995e-06,0.00013038352449539013,2.380466583105085e-06,-0.14485884959999984,0.04572304194656724,0.0008347847157296599
LYS  54,R LYS  54,0.0,0.0,0.0,-0.9386923333333343,0.46468542873061275,0.008483956381990527,-9.678765999999989,1.925352305573624,0.03515196296357511,9.21579299999997,1.59403740906067,0.02910300821498729,-0.07229579279999987,0.01806916519822134,0.0003298963124784378,-1.4739611261333294,0.7909754798435339,0.014441170424792545
MET  55,R MET  55,0.0,0.0,0.0,-0.024143333333333288,0.003346359547661035,6.109588699255777e-05,0.12140033333333311,0.0395744875716117,0.0007225279848226524,-0.11217200000000005,0.044138468663966195,0.0008058544980329732,0.0,0.0,0.0,-0.014914999999999979,0.014857022189299419,0.0002712508730144693
LEU  56,R LEU  56,0.0,0.0,0.0,-0.006431999999999939,0.0008152970828686901,1.4885220111844676e-05,0.02522599999999987,0.022765886555692578,0.0004156463202718805,-0.023039666666666708,0.025187988404969795,0.0004598676475860175,0.0,0.0,0.0,-0.004245666666666743,0.005744909157003243,0.00010488721120362214
LYS  57,R LYS  57,0.0,0.0,0.0,-0.004749000000000004,0.0007962405415452391,1.4537296860148561e-05,-0.5245423333333336,0.18248307923719484,0.0033316699620404744,0.5471550000000022,0.18307903841874235,0.0033425506382766704,0.0,0.0,0.0,0.01786366666666681,0.008120821790653798,0.00014826524267401935
GLU  58,R GLU  58,0.0,0.0,0.0,-0.0015233333333333134,0.0005106749346589294,9.323606042172413e-06,0.3643986666666671,0.1508740724298076,0.0027545710937491295,-0.3557236666666668,0.15059427160383074,0.0027494626529492596,0.0,0.0,0.0,0.007151666666666799,0.0036755948120303352,6.710687302659918e-05
GLY  59,R GLY  59,0.0,0.0,0.0,-0.0002943333333333333,0.00045574249551937177,8.320681506988566e-06,-0.006421333333333263,0.005800788298920052,0.00010590742008768443,0.007833333333333312,0.005754437900920992,0.0001050611814699035,0.0,0.0,0.0,0.0011176666666667327,0.0008421131489032231,1.537481225420007e-05
ALA  60,R ALA  60,0.0,0.0,0.0,-0.0006973333333333328,0.00045941218481395014,8.387680560511093e-06,-0.032713666666666696,0.008015756143718389,0.0001463470151791728,0.03569833333333385,0.007863162884966218,0.00014356105618111323,0.0,0.0,0.0,0.002287333333333351,0.0010437622121708902,1.9056403609249658e-05
THR  61,R THR  61,0.0,0.0,0.0,-0.000583333333333329,0.0004930066485916115,9.001028747788271e-06,0.041426666666666646,0.008814114942649297,0.0001609229859510791,-0.04106033333333391,0.008827571951306555,0.00016116867619101654,0.0,0.0,0.0,-0.00021700000000000143,0.001997309273330902,3.646571144391955e-05
HID  62,R HID  62,0.0,0.0,0.0,-0.000633666666666663,0.00048180205709626986,8.796461830800633e-06,0.025533000000000066,0.010840583210018363,0.00019792106535462735,-0.02230533333333322,0.010908411351898363,0.00019915943213267193,0.0,0.0,0.0,0.00259400000000004,0.001326837342455004,2.422462475342709e-05
SER  63,R SER  63,0.0,0.0,0.0,-0.0007550000000000017,0.0004324060591619494,7.89461842016377e-06,0.03158766666666662,0.014129507465663098,0.00025796833217937767,-0.024170333333333432,0.014216257825305058,0.00025955216980763055,0.0,0.0,0.0,0.0066623333333333265,0.0018680599264714306,3.410595201666148e-05
GLU  64,R GLU  64,0.0,0.0,0.0,-0.0024100000000000102,0.0005233545643251786,9.555103348472959e-06,0.681222666666667,0.11416145767970512,0.002084293518961529,-0.6654380000000004,0.11279704261489722,0.0020593828220016905,0.0,0.0,0.0,0.013374666666666568,0.004266726874575026,7.789941853060857e-05
HID  65,R HID  65,0.0,0.0,0.0,-0.002165000000000016,0.0004302421798627959,7.85511157003494e-06,0.05610000000000023,0.015073729907801177,0.0002752073965414324,-0.051081666666666734,0.01621216612780453,0.00029599230314065745,0.0,0.0,0.0,0.002853333333333716,0.0036157740834047284,6.601470094411118e-05
ARG  66,R ARG  66,0.0,0.0,0.0,-0.0021813333333333216,0.0005352116922819852,9.771583896778562e-06,-0.4444426666666665,0.06858501327711394,0.001252185295955554,0.4538326666666664,0.07114426657308306,0.0012989106546412786,0.0,0.0,0.0,0.007208666666666535,0.006147231752766693,0.00011223258324007793
ALA  67,R ALA  67,0.0,0.0,0.0,-0.005158999999999943,0.0009279290561965119,1.694158919477695e-05,0.040966666666666804,0.018741261667478495,0.00034216705904616183,-0.032621666666666944,0.02081619234847878,0.00038004993702094226,0.0,0.0,0.0,0.0031860000000000326,0.008725942394186767,0.00015931318282622428
LEU  68,R LEU  68,0.0,0.0,0.0,-0.022041999999999874,0.00372660292133979,6.80381494294151e-05,0.055281666666666944,0.019848182046614312,0.0003623765677466571,-0.06813966666666678,0.022374542674407062,0.00040850139122115717,0.0,0.0,0.0,-0.03489999999999958,0.011315623417794709,0.00020659407327199556
MET  69,R MET  69,0.0,0.0,0.0,-0.006293666666666636,0.0010909139389625416,1.991727242221993e-05,0.032764999999999996,0.018107671716706242,0.00033059934210461015,-0.03987366666666698,0.021715210641902346,0.00039646369031820505,0.0,0.0,0.0,-0.013402333333333452,0.007973986532608628,0.00014558440990507164
SER  70,R SER  70,0.0,0.0,0.0,-0.014645999999999897,0.004806247739488325,8.774967679586562e-05,-0.04791600000000007,0.03199293063579363,0.0005841083263307422,0.05837566666666655,0.03649163202556049,0.0006662430006859138,0.0,0.0,0.0,-0.004186333333333524,0.012425442174112903,0.00022685649885792236
GLU  71,R GLU  71,0.0,0.0,0.0,-0.2093073333333342,0.08064735300195346,0.001472412481408396,3.069324666666665,0.6042319189887897,0.01103171506649314,-2.980468666666676,0.7455868970268678,0.013612492069396563,-0.012069033600000011,0.015103998231625625,0.00027576001799931645,-0.13252036693333358,0.1791699593862581,0.0032711809461046007
LEU  72,R LEU  72,0.0,0.0,0.0,-0.0356806666666668,0.0068363752253817,0.0001248145640837007,0.016677666666666546,0.02693376631458902,0.000491741045635773,-0.016998333333333327,0.029725920180131676,0.0005427185675085383,0.0,0.0,0.0,-0.036001333333333614,0.012471594320249529,0.00022769911790846586
LYS  73,R LYS  73,0.0,0.0,0.0,-0.016636333333333236,0.003588418391932819,6.55152566342673e-05,-0.5698373333333352,0.07849453615520549,0.001433107603103696,0.5848893333333334,0.0805719911190588,0.0014710365679671473,0.0,0.0,0.0,-0.001584333333333213,0.01650655085783251,0.00030136700838137055
ILE  74,R ILE  74,0.0,0.0,0.0,-0.3817619999999995,0.17279514853143357,0.0031547933559373945,-0.028647333333333327,0.036548702114058855,0.0006672849531802262,-0.03307066666666678,0.040480328632833726,0.0007390663042475097,-0.08817926400000005,0.03351522881642536,0.0006119015614234446,-0.5316592640000001,0.21389251945492813,0.0039051252595692244
LEU  75,R LEU  75,0.0,0.0,0.0,-0.9859896666666653,0.21563328336141566,0.003936907114865025,-0.13628900000000027,0.04736862687827521,0.0008648288486425617,0.22894100000000006,0.046717072386153274,0.0008529331455499281,-0.13283886479999982,0.02206603731034276,0.0004028688796541784,-1.026176531466667,0.22394828057218608,0.0040887174994627415
ILE  76,R ILE  76,0.0,0.0,0.0,-0.020837666666666508,0.002859716982889301,5.221104998696951e-05,-0.030610666666666654,0.011634850789283531,0.0002124223410165792,0.07847933333333336,0.015164615817383258,0.0002768667386360151,0.0,0.0,0.0,0.027030999999999906,0.01036188716724249,0.00018918131132740056
HIE  77,R HIE  77,0.0,0.0,0.0,-0.026058666666666612,0.005185867804802561,9.468055923100533e-05,-0.03743533333333345,0.018812260671050345,0.00034346331757338487,0.03587866666666694,0.021262563616731144,0.00038819952410907584,0.0,0.0,0.0,-0.027615333333333297,0.01623251977427477,0.00029636390818396527
ILE  78,R ILE  78,0.0,0.0,0.0,-0.6446473333333327,0.15903409579779773,0.002903552056029712,-0.10072700000000015,0.02986848625223543,0.0005453214559627428,0.09617266666666688,0.027535544051680964,0.0005027279536760954,-0.09845490000000012,0.029520419900952645,0.0005389666628925395,-0.7476565666666654,0.17235193614468078,0.0031467014418710545
GLY  79,R GLY  79,0.0,0.0,0.0,-0.019655000000000252,0.004622694921074066,8.439847615789431e-05,0.004281999999999963,0.03004237800174968,0.0005484962704218425,0.04429900000000013,0.03255363163048514,0.0005943452790910131,0.0,0.0,0.0,0.02892600000000001,0.011806178777797723,0.00021555034781795283
HID  80,R HID  80,0.0,0.0,0.0,-0.015679999999999958,0.003047337635817433,5.563651878238903e-05,0.017363666666666666,0.022725948749294275,0.0004149171590231597,0.045367666666666695,0.024932371619152946,0.000455200744930389,0.0,0.0,0.0,0.04705133333333339,0.018363370194190102,0.000335267736239198
HID  81,R HID  81,0.0,0.0,0.0,-0.027751666666666695,0.0051234100514743735,9.354024188470728e-05,-0.03701933333333345,0.022775109796051865,0.0004158147128318163,0.009443999999999998,0.024920437342336715,0.00045498285584306367,0.0,0.0,0.0,-0.05532700000000016,0.017892272195931785,0.0003266667028911444
LEU  82,R LEU  82,0.0,0.0,0.0,-0.012321666666666646,0.001535859332389002,2.8040826716809372e-05,-0.0167336666666667,0.026752097734985738,0.0004884242463344849,-0.012640666666666649,0.027568645467068015,0.0005033323000725233,0.0,0.0,0.0,-0.041695999999999955,0.017921632663720388,0.00032720274924136845
ASN  83,R ASN  83,0.0,0.0,0.0,-0.03302666666666671,0.006634653135033806,0.00012113163944267947,-0.015724666666666654,0.02402335373941122,0.00043860442500005364,0.0604799999999999,0.031018278482211246,0.0005663136939894736,0.0,0.0,0.0,0.01172866666666686,0.019789905967998272,0.0003613125969859588
VAL  84,R VAL  84,0.0,0.0,0.0,-0.5823263333333342,0.15827703088747735,0.0028897300050671087,0.2296473333333336,0.057848932224849374,0.0010561721702379173,-0.15572333333333346,0.06618399697476411,0.0012083489362977324,-0.05033296800000008,0.014210808356321178,0.00025945267657133403,-0.5587353013333323,0.1754191009369049,0.003202699953347281
VAL  85,R VAL  85,0.0,0.0,0.0,-1.5977513333333324,0.30604890812562946,0.005587663022674446,-0.23918733333333345,0.3909214416898722,0.007137216394199448,1.0479269999999967,0.31517609840269073,0.005754301956054055,-0.07486687439999992,0.01831847676523986,0.00033444809811520465,-0.8638785410666653,0.37506536362269116,0.006847725339834183
ASN  86,R ASN  86,0.0,0.0,0.0,-0.2159889999999998,0.04891545984996026,0.0008930700256853834,-0.25429366666666686,0.11189607124420736,0.002042933410555251,0.23438833333333378,0.09102000621047572,0.0016617903528579287,-5.973600000000003e-05,0.0004680971708352872,8.546245985694539e-06,-0.23595406933333307,0.08923234320875312,0.0016291522411492332
LEU  87,R LEU  87,0.0,0.0,0.0,-0.09622433333333358,0.01720854461855386,0.00031418360231386946,-0.14256666666666737,0.0350997942380781,0.0006408316355995077,0.19016500000000064,0.034159319494581224,0.0006236609945402702,0.0,0.0,0.0,-0.048626000000000065,0.024456767107148898,0.0004465174342745272
LEU  88,R LEU  88,0.0,0.0,0.0,-0.03493133333333349,0.005087234175417448,9.287976377291098e-05,-0.047674999999999995,0.025387990106872673,0.00046351916237507185,0.09958666666666668,0.02611907008723906,0.000476866795594642,0.0,0.0,0.0,0.016980333333333347,0.007595214275376763,0.00013866900625697027
GLY  89,R GLY  89,0.0,0.0,0.0,-0.007746999999999899,0.0009343398739228716,1.7058634177469658e-05,0.06474433333333318,0.020370263487632302,0.0003719084271500023,-0.07393899999999992,0.0208094837113589,0.0003799274546249197,0.0,0.0,0.0,-0.0169416666666668,0.006458554834911152,0.00011791653906549641
ALA  90,R ALA  90,0.0,0.0,0.0,-0.004704333333333291,0.0006166424319560232,1.1258298996571945e-05,-0.0519470000000001,0.009035090351881993,0.0001649574264941019,0.06457399999999987,0.010169424303600355,0.00018566743626410596,0.0,0.0,0.0,0.0079226666666666,0.00350827871691454,6.405211304231248e-05
CYS  91,R CYS  91,0.0,0.0,0.0,-0.002730999999999976,0.00048301725297030185,8.818648170533784e-06,0.03346966666666659,0.01473145432588239,0.0002689583279714282,-0.03995433333333381,0.016236879253380153,0.0002964435010187983,0.0,0.0,0.0,-0.009215666666666364,0.003899977079704968,7.120351401025114e-05
THR  92,R THR  92,0.0,0.0,0.0,-0.0015430000000000083,0.0004988162654391217,9.10709735438305e-06,-0.013849999999999954,0.009494322865095144,0.0001733418267149896,0.020736666666666796,0.01067870102379237,0.0001949655145194864,0.0,0.0,0.0,0.0053436666666665895,0.003584721266089543,6.544775666019072e-05
LYS  93,R LYS  93,0.0,0.0,0.0,-0.0006056666666666688,0.0004887070242543446,8.922528706510962e-06,-0.25706033333333245,0.06617277909550416,0.0012081441267804644,0.2575236666666663,0.06603842901338283,0.001205691241094447,0.0,0.0,0.0,-0.00014233333333316266,0.0017864511996942309,3.261598733182321e-05
PRO  94,R PRO  94,0.0,0.0,0.0,-0.0003009999999999987,0.0004586927075940928,8.374544763746862e-06,0.0034983333333332735,0.006681217246047989,0.00012198177990843423,-0.003980333333333334,0.00668251049797575,0.0001220053913502133,0.0,0.0,0.0,-0.0007830000000000823,0.0008061705774835101,1.4718593682822826e-05
GLY  95,R GLY  95,0.0,0.0,0.0,-0.00016766666666666785,0.00037357001426179405,6.820424120623707e-06,-0.006031000000000077,0.004816018999132081,8.792807477326979e-05,0.007234666666666626,0.004760770059092945,8.691937174868029e-05,0.0,0.0,0.0,0.0010359999999998706,0.0008008562084837374,1.462156702348677e-05
GLY  96,R GLY  96,0.0,0.0,0.0,-0.0003576666666666673,0.00047931328191718457,8.751023220595834e-06,-0.001526666666666647,0.00643899232972227,0.00011755937821972097,0.007702666666666635,0.006780825384043483,0.00012380036737814155,0.0,0.0,0.0,0.0058183333333333845,0.001340894187556416,2.4481266458407068e-05
PRO  97,R PRO  97,0.0,0.0,0.0,-0.0016173333333333408,0.0004962185898259411,9.059670503369048e-06,-0.012937000000000004,0.007853132984145089,0.00014337793608347083,0.013073000000000057,0.00892223837759706,0.00016289704076160685,0.0,0.0,0.0,-0.001481333333333319,0.002837660695400748,5.180835911389286e-05
LEU  98,R LEU  98,0.0,0.0,0.0,-0.004566000000000005,0.0007295962353704546,1.3320543866108217e-05,0.03305000000000014,0.017797963366632592,0.00032494486711850864,0.0057683333333333284,0.01984919806664456,0.00036239511764963857,0.0,0.0,0.0,0.03425233333333355,0.006319387725263417,0.0001153757068916011
MET  99,R MET  99,0.0,0.0,0.0,-0.010035333333333289,0.0011832518281786,2.1603123916754875e-05,-0.1104013333333332,0.032061507526766266,0.0005853603633343851,0.1473553333333329,0.03435390911607685,0.0006272136987119217,0.0,0.0,0.0,0.0269186666666668,0.009724919102776496,0.00017755191875011957
VAL 100,R VAL 100,0.0,0.0,0.0,-0.0704476666666666,0.012850781865534547,0.0002346221036443864,0.1613206666666666,0.07510469918424208,0.0013712179305949744,-0.18581733333333345,0.08050438062338924,0.0014698021748470699,0.0,0.0,0.0,-0.09494433333333333,0.024018546331717554,0.0004385166541454888
ILE 101,R ILE 101,0.0,0.0,0.0,-0.059824999999999885,0.007872126459859354,0.00014372470791994182,0.019242333333333392,0.04831257539422042,0.0008820629118194522,-0.020608666666666636,0.049091773155545596,0.0008962890515072963,0.0,0.0,0.0,-0.061191333333333375,0.030725668827364723,0.0005609713970393654
VAL 102,R VAL 102,0.0,0.0,0.0,-1.1147046666666678,0.3015995172048904,0.005506428630192864,0.25260399999999955,0.13573080165288084,0.0024780940604514105,0.08720199999999997,0.12251916256651449,0.0022368836354774175,-0.05209068240000017,0.012914171364992434,0.00023577943226978792,-0.8269893490666659,0.3093734419477005,0.005648360428259018
GLU 103,R GLU 103,0.0,0.0,0.0,-0.5844816666666675,0.10632094022607337,0.0019411459098992933,-0.8247616666666675,0.4680523697877067,0.008545428034215881,0.8273869999999982,0.41927627474534884,0.007654902450158705,-0.015513266399999967,0.006635211016972348,0.00012114182492675162,-0.5973695997333333,0.19394895121811856,0.0035410071862210864
PHE 104,R PHE 104,0.0,0.0,0.0,-2.0936220000000025,0.3780752364931055,0.006902677848712475,-1.3363043333333346,0.32969598275970324,0.006019397562544127,0.9432466666666677,0.2041744070369455,0.0037276976133125525,-0.15721968719999962,0.033207648853689646,0.0006062859452958797,-2.643899353866669,0.5500572089126825,0.010042624707993596
CYS 105,R CYS 105,0.0,0.0,0.0,-0.9914280000000019,0.4925691093467665,0.008993040410648426,-2.7278346666666735,0.6556920572938059,0.011971244351892908,2.0601580000000004,0.3665444689293003,0.006692155798710975,-0.057388281600000035,0.02114529627972095,0.00038605852525110774,-1.7164929482666664,0.44039894063499563,0.00804054780290552
LYS 106,R LYS 106,0.0,0.0,0.0,-0.4101909999999998,0.22597239179230394,0.004125672545268004,0.336991333333334,0.29494543098380355,0.005384942192763744,-0.01382766666666665,0.3084948977987947,0.005632320479988355,-0.04244831520000002,0.03847660031858327,0.0007024833976866172,-0.12947564853333376,0.17394089650376654,0.0031757117562594803
PHE 107,R PHE 107,0.0,0.0,0.0,-0.30125766666666687,0.15873650475307183,0.0028981188117594486,0.04053766666666666,0.10643689796254305,0.001943262998832016,0.13417833333333318,0.11196362443768168,0.002044166757485164,-0.004988527200000006,0.01378134880186047,0.0002516118537208591,-0.1315301938666671,0.1997238630238112,0.003646442168340445
GLY 108,R GLY 108,0.0,0.0,0.0,-1.148462000000001,0.30271015601727713,0.005526706027885696,-0.02387800000000009,0.32838229111205053,0.005995412944243276,0.7783313333333318,0.27039941731610806,0.00493679534667618,-0.17001986399999972,0.03746740274765308,0.0006840580552006877,-0.5640285306666676,0.3764344837532394,0.006872721939148706
ASN 109,R ASN 109,0.0,0.0,0.0,-0.9492693333333353,0.4719075454573235,0.008615813590129022,-0.6180463333333338,0.6456034036877611,0.011787051580063357,1.0941559999999988,0.6277430156234305,0.011460966999109026,-0.16547952240000013,0.06152634209577861,0.0011233121815545873,-0.6386391890666665,0.5163763067627669,0.009427698379172495
LEU 110,R LEU 110,0.0,0.0,0.0,-0.04533199999999999,0.01328895942753433,0.00024262209480771637,-0.0550386666666667,0.030191397862452434,0.0005512169883959484,0.08603633333333353,0.039598337674143634,0.0007229634261278374,0.0,0.0,0.0,-0.014334333333333267,0.019316156136480443,0.0003526631480080725
SER 111,R SER 111,0.0,0.0,0.0,-0.024648999999999914,0.010599518809832833,0.00019351985169485845,-0.014907333333333288,0.058491931747511716,0.001067911681672158,0.10583333333333328,0.08224247213102366,0.0015015352390383876,0.0,0.0,0.0,0.06627699999999985,0.050212033129519565,0.0009167421067744862
THR 112,R THR 112,0.0,0.0,0.0,-0.11545333333333332,0.0844443830116736,0.001541736447669989,-0.08935900000000002,0.1152865652146858,0.0021048350781791274,0.27473366666666693,0.19452766744062028,0.0035515730505363656,-0.008893425599999987,0.022378592312511197,0.00040857532715913604,0.06102790773333324,0.07981773609303536,0.0014572658182383242
TYR 113,R TYR 113,0.0,0.0,0.0,-0.03267999999999996,0.010616823128098713,0.00019383578387674084,-0.02811166666666658,0.03417875359374916,0.0006240158110235725,0.05864600000000005,0.03735675776438131,0.0006820379634269301,0.0,0.0,0.0,-0.0021456666666666347,0.013016621984558576,0.00023764991611534647
LEU 114,R LEU 114,0.0,0.0,0.0,-0.007014999999999989,0.0016162018232054923,2.9507673201687484e-05,-0.014667666666666662,0.01435810646367483,0.0002621419597738478,0.03955600000000042,0.017074274918717977,0.0003117321842008841,0.0,0.0,0.0,0.017873333333333397,0.008281462565406197,0.00015119812854025254
ARG 115,R ARG 115,0.0,0.0,0.0,-0.010504333333333267,0.004867440931559759,8.886690651797464e-05,0.4773883333333337,0.23281459332243154,0.004250593482636246,-0.41614933333333254,0.21487630170144317,0.003923086583838871,0.0,0.0,0.0,0.05073466666666636,0.033225074841482974,0.0006066040988492535
SER 116,R SER 116,0.0,0.0,0.0,-0.006274999999999973,0.0020776689662535836,3.7932871994850915e-05,-0.00016499999999995414,0.02943026404344116,0.0005373206496641974,0.03624100000000012,0.032885492024092466,0.0006004041932083889,0.0,0.0,0.0,0.029801000000000192,0.00978199361071141,0.00017859395193193492
LYS 117,R LYS 117,0.0,0.0,0.0,-0.004130666666666649,0.0011836072922308742,2.160961377274863e-05,0.3925006666666667,0.19329901534381558,0.0035291410349115003,-0.36429366666666685,0.1893448672657601,0.0034569484983092776,0.0,0.0,0.0,0.024076333333333238,0.009865892756810594,0.00018012573376106642
ARG 118,R ARG 118,0.0,0.0,0.0,-0.0017263333333333308,0.000571640815741976,1.0436685652417817e-05,0.3050040000000001,0.13545554246319927,0.0024730685382064375,-0.290804666666667,0.13370914894484595,0.00244118390073034,0.0,0.0,0.0,0.012472999999999625,0.005916412567313906,0.00010801842075416261
ASN 119,R ASN 119,0.0,0.0,0.0,-0.0005156666666666725,0.0005004210449433703,9.136396485526348e-06,0.018443000000000074,0.015457643772580718,0.0002822166726707238,-0.01588933333333331,0.015286194846621923,0.0002790864578638017,0.0,0.0,0.0,0.0020379999999999587,0.0013860817676700733,2.53062750233178e-05
GLU 120,R GLU 120,0.0,0.0,0.0,-0.0008506666666666613,0.0004199597864345937,7.667381609175967e-06,-0.28766666666666657,0.11272820804434248,0.002058126080434057,0.29451033333333304,0.11301281590991843,0.002063322285368035,0.0,0.0,0.0,0.005993000000000004,0.0019236123136780277,3.51201952032053e-05
PHE 121,R PHE 121,0.0,0.0,0.0,-0.0008603333333333172,0.0005951133412123057,1.0865233375141622e-05,-0.002293000000000144,0.0046006323116142,8.399566986194113e-05,0.0010016666666666555,0.004802394946505568,8.767933474166383e-05,0.0,0.0,0.0,-0.002151666666666603,0.0024883724042478518,4.543125657599708e-05
VAL 122,R VAL 122,0.0,0.0,0.0,-0.0002136666666666754,0.00040989415978059186,7.483609250048566e-06,-0.00054533333333323,0.0030636489500085783,5.593432127322384e-05,0.0009336666666666672,0.00306473488068528,5.595414756414105e-05,0.0,0.0,0.0,0.00017466666666671386,0.0008009316797053432,1.4622944933170637e-05
PRO 123,R PRO 123,0.0,0.0,0.0,-0.00014266666666666827,0.0003497325962630474,6.385214402270601e-06,0.0031073333333333673,0.0016263905503360607,2.9693693057743392e-05,-0.003737999999999998,0.0016719318167914923,3.0525159022243165e-05,0.0,0.0,0.0,-0.0007733333333332712,0.0007243080989620666,1.3223996146173602e-05
TYR 124,R TYR 124,0.0,0.0,0.0,-0.000126666666666661,0.0003325991915537562,6.072402660732466e-06,-0.004439333333333276,0.003260110359413702,5.952119946023864e-05,0.004304000000000008,0.0032350554863866212,5.906376215582664e-05,0.0,0.0,0.0,-0.00026199999999986916,0.0006743065573856507,1.2311097071792422e-05
LYS 125,R LYS 125,0.0,0.0,0.0,-0.00011233333333333203,0.00031577611618922863,5.765256731940426e-06,0.07493766666666668,0.06308667409119693,0.001151799815924176,-0.07455600000000003,0.06290683744501299,0.001148516462998142,0.0,0.0,0.0,0.0002693333333334146,0.0007114254860646745,1.2988792890056647e-05
VAL 126,R VAL 126,0.0,0.0,0.0,-0.00010799999999999788,0.00031038041175305534,5.666745097496332e-06,0.0023393333333332576,0.0023695680806613225,4.326219631074758e-05,-0.002258666666666674,0.002338181249509037,4.268915379639049e-05,0.0,0.0,0.0,-2.7333333333393532e-05,0.0006546649694479348,1.195249237916881e-05
ALA 127,R ALA 127,0.0,0.0,0.0,-3.8666666666667e-05,0.0001927992623314627,3.520016834976606e-06,-0.0011783333333332399,0.0014883538632401998,2.717349948155388e-05,0.0011660000000000047,0.0014593756655958297,2.6644432397365063e-05,0.0,0.0,0.0,-5.099999999983792e-05,0.0006102450327531553,1.1141499001479401e-05
PRO 128,R PRO 128,0.0,0.0,0.0,-7.633333333333454e-05,0.00026553070548536906,4.847905236819912e-06,-0.00466266666666678,0.0024691846607512013,4.50809379113058e-05,0.004703666666666645,0.0024895487989236575,4.545273450601267e-05,0.0,0.0,0.0,-3.53333333334831e-05,0.0006568243465510871,1.1991917030820697e-05
GLU 129,R GLU 129,0.0,0.0,0.0,-0.00019033333333333405,0.0003925640782796579,7.1672066979997486e-06,-0.10109700000000042,0.06774847789926082,0.0012369123194021787,0.10163066666666656,0.06794840880812114,0.0012405625416930222,0.0,0.0,0.0,0.000343333333332995,0.0020261923787132873,3.699304238887726e-05
ASP 130,R ASP 130,0.0,0.0,0.0,-0.00017266666666666827,0.00037795884549629425,6.900552849564341e-06,-0.13191200000000008,0.07093180003355358,0.0012950315640940996,0.13225633333333373,0.07130179960250291,0.0013017868011001243,0.0,0.0,0.0,0.00017166666666673555,0.0013967332919667735,2.5500744360955035e-05
LEU 131,R LEU 131,0.0,0.0,0.0,-0.00019099999999999554,0.000393089048435585,7.176791297880357e-06,-0.00790666666666667,0.00421892034635535,7.702659473387778e-05,0.008175333333333335,0.0043820761695292755,8.000539889190055e-05,0.0,0.0,0.0,7.766666666661407e-05,0.0007471955716023068,1.3641862314484998e-05
TYR 132,R TYR 132,0.0,0.0,0.0,-0.000512333333333336,0.0005714145216526771,1.0432554106506514e-05,-0.005855000000000122,0.006165601484580837,0.0001125679671230755,0.007527333333333306,0.006793127867354027,0.00012402497896555874,0.0,0.0,0.0,0.0011599999999998153,0.0017180609224746214,3.136735741358282e-05
LYS 133,R LYS 133,0.0,0.0,0.0,-0.0007356666666666598,0.0008562288764628588,1.5632529000867063e-05,0.17459966666666682,0.10382741802251647,0.0018956206312816897,-0.17068166666666656,0.10104300238292373,0.001844784389439186,0.0,0.0,0.0,0.0031823333333334857,0.003612536674170124,6.595559420858891e-05
ASP 134,R ASP 134,0.0,0.0,0.0,-0.00048700000000000593,0.0005358771625413093,9.783733665857919e-06,-0.2324580000000007,0.11123386580833383,0.0020308432487242353,0.23533333333333312,0.11235130420051048,0.0020512447891914837,0.0,0.0,0.0,0.002388333333332878,0.002379397099173745,4.34416488159939e-05
PHE 135,R PHE 135,0.0,0.0,0.0,-0.0004553333333333344,0.0004993377836917858,9.116618931420877e-06,0.000576333333333281,0.005981875950643741,0.00010921361314550789,0.0016546666666666654,0.006785873431049477,0.0001238925316853592,0.0,0.0,0.0,0.0017756666666666518,0.0014406044641824057,2.630171871584489e-05
LEU 136,R LEU 136,0.0,0.0,0.0,-0.0012303333333333487,0.0005098495420765119,9.308536504299496e-06,0.001997333333333349,0.0060443356035952585,0.00011035396517402422,0.0018383333333333448,0.006370991332246161,0.00011631785554470374,0.0,0.0,0.0,0.0026053333333335275,0.0017784557596097939,3.2470011235442304e-05
THR 137,R THR 137,0.0,0.0,0.0,-0.00037299999999999665,0.00048360210917653806,8.829326135102199e-06,-0.0036210000000000213,0.009267867014583257,0.00016920732746151035,0.004973333333333333,0.008997071128366618,0.00016426329361616182,0.0,0.0,0.0,0.000979333333333314,0.0014260339718565789,2.6035699138484513e-05
LEU 138,R LEU 138,0.0,0.0,0.0,-0.0003696666666666566,0.00048271443133825214,8.813119429241313e-06,0.000782999999999987,0.005634114334421536,0.00010286438375086268,-4.166666666666663e-05,0.00568400655836667,0.00010377528696749099,0.0,0.0,0.0,0.0003716666666666647,0.0011674176154610229,2.1314032067229798e-05
GLU 139,R GLU 139,0.0,0.0,0.0,-0.0004116666666666619,0.0004921353698142559,8.985121446447165e-06,-0.08061866666666673,0.0899988810202043,0.0016431472428329818,0.08171733333333331,0.08955104745091279,0.0016349709579026811,0.0,0.0,0.0,0.000687000000000064,0.0017769911836208211,3.244327185856428e-05
HID 140,R HID 140,0.0,0.0,0.0,-0.00130366666666666,0.0004691693605606731,8.565821402311842e-06,0.00451799999999988,0.012282304724005622,0.00022424317851633808,0.006690999999999993,0.012556254178695169,0.00022924478838132821,0.0,0.0,0.0,0.009905333333332978,0.004624612223983937,8.44334811596712e-05
LEU 141,R LEU 141,0.0,0.0,0.0,-0.0012769999999999952,0.0004512253686722039,8.238210431345033e-06,0.0070686666666666155,0.008169125915434583,0.00014914715129945203,-0.005612333333333338,0.008517709857832753,0.000155511394247304,0.0,0.0,0.0,0.00017933333333329242,0.0029156770892691396,5.323273707312372e-05
ILE 142,R ILE 142,0.0,0.0,0.0,-0.0007143333333333214,0.0004517313606804464,8.247448539239424e-06,0.005079000000000112,0.005856172726277786,0.00010691859676096232,-0.002765333333333327,0.006169138099352996,0.00011263253657933941,0.0,0.0,0.0,0.00159933333333349,0.0026459024085469674,4.8307347803947464e-05
CYS 143,R CYS 143,0.0,0.0,0.0,-0.001188999999999996,0.0003990977323914391,7.2864943559983795e-06,0.006773666666666619,0.007644329481532174,0.00013956572313456476,0.005947666666666661,0.008385200925174934,0.00015309212319771664,0.0,0.0,0.0,0.01153233333333312,0.004497290431162399,8.210891389332601e-05
TYR 144,R TYR 144,0.0,0.0,0.0,-0.005778333333333352,0.0008492333143622545,1.5504808095369425e-05,0.007474000000000127,0.010261350983179372,0.00018734578013217186,-0.014622666666666688,0.012528991162721584,0.0002287470360868497,0.0,0.0,0.0,-0.012926999999999828,0.007593703817417606,0.00013864142919375714
SER 145,R SER 145,0.0,0.0,0.0,-0.0016303333333333476,0.000490930975007832,8.963132306326484e-06,0.007891000000000014,0.008183221798289566,0.00014940450573303952,-0.0026193333333333377,0.009739837073700046,0.00017782428238968738,0.0,0.0,0.0,0.00364133333333328,0.004823279474474858,8.806063231071809e-05
PHE 146,R PHE 146,0.0,0.0,0.0,-0.001936333333333326,0.0004069560445822677,7.429966851026202e-06,0.002548333333333204,0.004464190545017321,8.150459541690894e-05,0.002280333333333332,0.005932768877645188,0.00010831704475836254,0.0,0.0,0.0,0.002892333333333305,0.004080286904400821,7.449550595444183e-05
GLN 147,R GLN 147,0.0,0.0,0.0,-0.005867333333333332,0.0008329062905809603,1.5206718787971488e-05,-0.006680333333333204,0.0181165158503381,0.00033076081315433546,0.02814533333333351,0.022333835576442012,0.00040775818469428947,0.0,0.0,0.0,0.015597666666666704,0.012885617093833346,0.00023525810498888953
VAL 148,R VAL 148,0.0,0.0,0.0,-0.012353666666666563,0.0020612099736700617,3.7632373277790745e-05,-0.01439266666666665,0.008297980450420227,0.0001514997024810679,0.013132666666666789,0.009211029596207869,0.00016816962292302503,0.0,0.0,0.0,-0.013613666666666613,0.006919567415830361,0.00012633343872760062
ALA 149,R ALA 149,0.0,0.0,0.0,-0.0030083333333333316,0.0005647393695819005,1.0310683061041791e-05,0.0002769999999999726,0.004584350662852878,8.369840898527605e-05,0.0022019999999999956,0.005223587145503224,9.53692170228712e-05,0.0,0.0,0.0,-0.0005293333333331011,0.0034676321732398908,6.331001208047168e-05
LYS 150,R LYS 150,0.0,0.0,0.0,-0.005151666666666689,0.0008884427699946819,1.6220671539282038e-05,0.019652999999999903,0.12597050418384978,0.0022998962240597808,0.018158000000000018,0.12525998178189232,0.002286923919154286,0.0,0.0,0.0,0.03265933333333312,0.011704754570496445,0.00021369860361075316
GLY 151,R GLY 151,0.0,0.0,0.0,-0.01918033333333332,0.004877001799831301,8.904146329202993e-05,0.007508333333333288,0.02385246172946415,0.0004354843780418734,0.011901000000000004,0.025489982326396345,0.0004653812770191763,-3.96e-07,2.168619800702742e-05,3.9593399449908315e-07,0.0002286039999999799,0.007816992771681032,0.00014271810909681772
MET 152,R MET 152,0.0,0.0,0.0,-0.050254000000000125,0.013573386362043234,0.00024781499640746875,-0.023531666666666666,0.01348867415855085,0.0002462683702491772,0.04703200000000029,0.01694446741564795,0.00030936223428205495,-1.5384e-06,5.700533628915806e-05,1.0407702861246568e-06,-0.026755205066666576,0.014286015071238837,0.0002608257570458761
GLU 153,R GLU 153,0.0,0.0,0.0,-0.005423333333333313,0.0008517367877202281,1.5550515056378602e-05,0.04735966666666669,0.09063503171082478,0.001654761712273826,-0.03649666666666661,0.09034668406877026,0.00164949722867527,0.0,0.0,0.0,0.005439666666666644,0.004596124442275955,8.391336780451304e-05
PHE 154,R PHE 154,0.0,0.0,0.0,-0.032955666666666716,0.010263220801590993,0.000187379918189588,0.019540333333333697,0.014582399432954075,0.00026623697039931634,-0.03824200000000046,0.016151246680466837,0.00029488007129073733,0.0,0.0,0.0,-0.05165733333333299,0.01257221458437377,0.000229536184188565
LEU 155,R LEU 155,0.0,0.0,0.0,-0.5022296666666666,0.18865568880871325,0.0034443658787402386,0.04562166666666648,0.029446208537301156,0.0005376117549627015,0.0013003333333333374,0.023721230994383096,0.00043308844358047746,-0.04823365439999993,0.01633454830939386,0.0002982266858570964,-0.5035413210666666,0.19377770000136818,0.00353788058107394
ALA 156,R ALA 156,0.0,0.0,0.0,-0.006966999999999963,0.001370368928427999,2.5019399140139918e-05,0.010259666666666572,0.005476091053134725,9.997928655847033e-05,0.011186666666666715,0.006398892265245467,0.00011682725455734242,0.0,0.0,0.0,0.01447933333333324,0.0038542063024986305,7.036785777190266e-05
SER 157,R SER 157,0.0,0.0,0.0,-0.0034726666666666773,0.0006376411390603342,1.1641681181887783e-05,0.009459666666666729,0.008934299444027674,0.00016311724469999402,0.00915999999999998,0.010671569706467696,0.00019483531507403804,0.0,0.0,0.0,0.01514699999999991,0.004121657150549011,7.525081985527198e-05
ARG 158,R ARG 158,0.0,0.0,0.0,-0.020348666666666543,0.004311816889536765,7.872264580770157e-05,-0.2383596666666663,0.10147157388429277,0.0018526089987326419,0.2823426666666666,0.1015999306736425,0.0018549524623638347,0.0,0.0,0.0,0.023634333333333122,0.007476983876463003,0.0001365104243747069
LYS 159,R LYS 159,0.0,0.0,0.0,-0.007942999999999943,0.0018338714058882392,3.348175788562336e-05,-0.13178900000000032,0.06330340548237998,0.0011557567716531905,0.15009933333333328,0.0629804636340156,0.0011498606871494712,0.0,0.0,0.0,0.010367333333333287,0.005125465789131218,9.357777434760617e-05
CYS 160,R CYS 160,0.0,0.0,0.0,-0.1198156666666668,0.06413127958509901,0.0011708716156809758,0.03371166666666658,0.049347109309687325,0.0009009508305529644,0.016466333333333354,0.06044518894465952,0.0011035731159217302,-0.012624047999999874,0.014479106924335412,0.00026435111583292503,-0.08226171466666679,0.05640678546651914,0.0010298422932122364
ILE 161,R ILE 161,0.0,0.0,0.0,-0.12649333333333346,0.06023435306275674,0.0010997237969734086,-0.0908370000000001,0.08155998057258212,0.0014890747049762115,0.1965099999999998,0.13726781572288993,0.002506155969696304,-0.02884026000000009,0.017822548574501773,0.0003253937295495388,-0.04966059333333331,0.02944132362637086,0.0005375225690991039
HIE 162,R HIE 162,0.0,0.0,0.0,-0.624801666666668,0.16770836094409403,0.0030619217457099565,-0.1546393333333335,0.20738750987677362,0.0037863605768111448,0.34633933333333317,0.16701843267402833,0.003049325436490773,-0.06408101279999993,0.019583826234217026,0.0003575501130247372,-0.4971826794666675,0.19224468539214265,0.0035098916916586806
ARG 163,R ARG 163,0.0,0.0,0.0,-0.07401933333333352,0.038923441431723715,0.0007106415629295419,-1.0365849999999996,0.5121743298022087,0.009350981126925338,1.0013316666666643,0.4542826069719462,0.008294027710692953,-0.0006623855999999996,0.0034336563119031945,6.268970055831246e-05,-0.10993505226666696,0.14329594879552535,0.0026162141184804823
ASP 164,R ASP 164,0.0,0.0,0.0,-0.04117300000000043,0.00820827251415382,0.00014986186713838965,1.0743043333333369,0.34661975474749757,0.006328381951737094,-1.1020983333333352,0.35617354664622913,0.00650280952949194,0.0,0.0,0.0,-0.0689670000000001,0.04455988380071668,0.000813548450582052
LEU 165,R LEU 165,0.0,0.0,0.0,-0.0322203333333334,0.0069586243771457565,0.00012704651801893557,-0.016081666666666664,0.01639694068687508,0.0002993658096091911,0.055518666666666924,0.01911916102296812,0.00034906652576177286,0.0,0.0,0.0,0.007216666666666703,0.01129511939831614,0.00020621972280573096
ALA 166,R ALA 166,0.0,0.0,0.0,-0.013352666666666619,0.002517596649363913,4.596481585186797e-05,0.06577666666666687,0.03446116832352339,0.0006291719749592083,-0.06414900000000012,0.03552349643545758,0.0006485673439718159,0.0,0.0,0.0,-0.011725000000000005,0.012425888633547917,0.00022686465005470794
ALA 167,R ALA 167,0.0,0.0,0.0,-0.019107333333333226,0.006317526907123265,0.00011534173315590855,0.05622199999999979,0.05894134979791364,0.0010761168951373289,-0.026190333333333295,0.061374360335204825,0.0011205373869347336,0.0,0.0,0.0,0.010924333333333185,0.018652040314369858,0.0003405381074558707
ARG 168,R ARG 168,0.0,0.0,0.0,-0.16070233333333347,0.10161272424204014,0.0018551860398972472,0.14579433333333328,0.39302262110624386,0.007175578506323192,0.15292333333333336,0.33487706220177066,0.006113990698632347,-0.008479461599999988,0.017264027899589515,0.00031519658380012365,0.1295358717333333,0.06964409815408533,0.0012715214518698812
ASN 169,R ASN 169,0.0,0.0,0.0,-0.15804333333333345,0.044099457164710004,0.0008051422487614828,0.028755999999999886,0.17238547250469397,0.0031473137292335825,0.09042833333333322,0.17311473323749474,0.00316062814768884,-9.891839999999998e-05,0.0013172834446926903,2.405019524287651e-05,-0.03895791839999975,0.07242456951842464,0.0013222856814280746
ILE 170,R ILE 170,0.0,0.0,0.0,-0.096358666666667,0.018329321451945043,0.0003346460940997881,0.07381200000000007,0.06442178712206004,0.0011761755333849365,-0.0514106666666667,0.08065550210342469,0.0014725612629650359,0.0,0.0,0.0,-0.07395733333333332,0.04917443962963775,0.0008977983279276194
LEU 171,R LEU 171,0.0,0.0,0.0,-1.7456283333333324,0.28937175662209147,0.005283181286893814,-0.009989666666666615,0.24978870182594096,0.0045604968866666575,0.26032099999999964,0.17217383451713417,0.003143449765906532,-0.1578447336000001,0.027323087446440266,0.0004988490445033853,-1.653141733600001,0.2985896591554635,0.005451476391907543
LEU 172,R LEU 172,0.0,0.0,0.0,-0.11566100000000008,0.02354405966834568,0.0004298537525200176,-0.05333366666666653,0.09235601586553824,0.00168618244036201,0.061293333333333325,0.10184382466415043,0.0018594053370385396,0.0,0.0,0.0,-0.10770133333333352,0.052213020070562055,0.0009532749629372272
SER 173,R SER 173,0.0,0.0,0.0,-0.04665800000000033,0.009472928234356835,0.00017295121598616075,-0.02499233333333327,0.059910407620230914,0.0010938093894309955,0.08370499999999996,0.09336175149206807,0.0017045445766799094,0.0,0.0,0.0,0.012054666666666821,0.052965199375522944,0.0009670078153577484
GLU 174,R GLU 174,0.0,0.0,0.0,-0.014939666666666698,0.003792364243523328,6.923878141512472e-05,-0.17134833333333366,0.2414470466387099,0.00440819979623411,0.18834866666666691,0.2430030255604966,0.004436607954716281,0.0,0.0,0.0,0.0020606666666665857,0.017739625688146566,0.0003238797717031993
LYS 175,R LYS 175,0.0,0.0,0.0,-0.0037039999999999543,0.000790179726391591,1.4426642020931153e-05,0.11774566666666669,0.12283065706311072,0.0022425707208882334,-0.09964033333333347,0.12157162623965992,0.002219584068134956,0.0,0.0,0.0,0.014401333333333306,0.005300716764950059,9.677740477029855e-05
ASN 176,R ASN 176,0.0,0.0,0.0,-0.0057669999999999735,0.0017378274751347626,3.172824363945192e-05,-0.0006869999999999408,0.022041166734090727,0.00040241480713313206,0.04971966666666661,0.027833656123876654,0.0005081707105629683,0.0,0.0,0.0,0.04326566666666682,0.013645283234713564,0.00024912764770665597
VAL 177,R VAL 177,0.0,0.0,0.0,-0.012345333333333201,0.0016362797913428322,2.9874245070277188e-05,0.009796000000000051,0.04578941344896208,0.0008359964880308986,0.005668333333333341,0.04966502790920602,0.0009067552034998592,0.0,0.0,0.0,0.0031189999999999968,0.019041065420121135,0.00034764070165106426
VAL 178,R VAL 178,0.0,0.0,0.0,-0.019189999999999752,0.0020532656915288583,3.748733119339332e-05,-0.03137266666666672,0.04030917744412816,0.0007359415253542477,0.08229200000000021,0.04424279304022221,0.0008077591918387424,0.0,0.0,0.0,0.03172933333333331,0.022062926812994696,0.00040281209000209194
LYS 179,R LYS 179,0.0,0.0,0.0,-0.11832433333333335,0.0138609935149756,0.00025306596058616526,0.2635623333333328,0.35165874193772323,0.0064203808501059655,0.15338333333333296,0.3458637781779923,0.006314579771068313,0.0,0.0,0.0,0.29862133333333296,0.062339254178693036,0.0011381538577239455
ILE 180,R ILE 180,0.0,0.0,0.0,-0.7463879999999979,0.18746528244629163,0.003422632131497039,-0.6241286666666676,0.18479758506238292,0.003373926863704895,0.5088146666666662,0.130684361414144,0.0023859590886561467,-0.023195827199999876,0.01004933867488137,0.00018347498267472,-0.8848978271999989,0.24352269034325086,0.004446095692178132
CYS 181,R CYS 181,0.0,0.0,0.0,-1.9980179999999985,0.37424393071366496,0.006832728095375825,-0.6781809999999987,0.3636598569712305,0.006639490230741509,0.543113333333333,0.29753418597234055,0.005432206176199603,-0.12554551199999978,0.024418127573358143,0.0004458119761322379,-2.258631178666666,0.43152840182537344,0.007878594662797018
ASP 182,R ASP 182,0.0,0.0,0.0,-2.3792843333333273,0.3120355185251666,0.005696963074635163,4.136362999999998,0.7854815363187353,0.014340865198186156,-2.835607666666665,0.618410493449065,0.011290579235331787,-0.23017006080000035,0.02702792975638371,0.0004934602270078821,-1.3086990607999993,0.5582614580420087,0.010192413118511065
PHE 183,R PHE 183,0.0,0.0,0.0,-1.9367613333333362,0.3775842648180953,0.006893713973329169,0.016767666666666757,0.26044696777121873,0.004755089309403916,0.12862200000000007,0.24541339093320336,0.004480615004264976,-0.17332697519999998,0.04878509145801739,0.0008906898353836239,-1.9646986418666674,0.4481901844230228,0.00818279580202967
GLY 184,R GLY 184,0.0,0.0,0.0,-0.09558266666666683,0.019495157506982726,0.0003559312509563539,-0.0202146666666668,0.0686061653076618,0.0012525714774311574,0.1386189999999999,0.061349913113223305,0.0011200910437698132,-1.8746400000000004e-05,0.0002733483819726031,4.990635828797774e-06,0.022802920266666565,0.04489388419756233,0.00081964643563432
LEU 185,R LEU 185,0.0,0.0,0.0,-0.03849066666666681,0.005645639576009441,0.00010307480491080908,-0.2378386666666669,0.044148038516889136,0.0008060292188435699,0.29172733333333367,0.050118728896709173,0.000915038612340454,0.0,0.0,0.0,0.015397999999999929,0.01981661582275497,0.00036180024998455645
ALA 186,R ALA 186,0.0,0.0,0.0,-0.06684000000000004,0.015500851589508641,0.00028300553587045637,-0.3773306666666672,0.06989662361579135,0.001276131914927241,0.4563106666666662,0.07288475482721393,0.0013306874772366206,-1.274400000000002e-06,4.275268675346618e-05,7.805536976275244e-07,0.012138725600000089,0.023957600816669925,0.0004374039463664769
ARG 187,R ARG 187,0.0,0.0,0.0,-0.05679600000000004,0.013053673199524315,0.00023832637565600342,-1.1629683333333345,0.44394903460932605,0.008105363354605651,1.3390920000000015,0.41864886663646544,0.007643447597692135,-2.9784000000000015e-05,0.0006941943884993595,1.2674197529153468e-05,0.11929788266666702,0.07592356450483069,0.001386168297516477
ASP 188,R ASP 188,0.0,0.0,0.0,-0.008572333333333244,0.0024084783347354797,4.397259710657002e-05,0.17484666666666634,0.2557298988299097,0.004668967807255184,-0.16641633333333355,0.2561189118356721,0.0046760701805358155,0.0,0.0,0.0,-0.00014200000000000538,0.008466551993973954,0.00015457738371299593
ILE 189,R ILE 189,0.0,0.0,0.0,-0.004507999999999972,0.001009588695129369,1.8432483404152047e-05,-0.05183933333333321,0.015911280680350626,0.00029049891158080616,0.057956333333333256,0.02183858420064983,0.0003987161730223946,0.0,0.0,0.0,0.0016089999999999059,0.006983465161842259,0.00012750004662308236
TYR 190,R TYR 190,0.0,0.0,0.0,-0.0019586666666666468,0.000462916359135628,8.451657737891537e-06,-0.02123500000000004,0.016087234328290654,0.000293711370982542,0.023640333333333326,0.016265473859955294,0.0002969655647202713,0.0,0.0,0.0,0.0004466666666666297,0.0022536981953123793,4.114671131270912e-05
LYS 191,R LYS 191,0.0,0.0,0.0,-0.004530333333333296,0.003636630293126951,6.639548149507518e-05,0.0009419999999998759,0.23680258297296164,0.004323403878992662,0.03602966666666671,0.22846951245163707,0.004171263522398968,0.0,0.0,0.0,0.03244133333333327,0.025584302965338264,0.0004671033284054026
ASP 192,R ASP 192,0.0,0.0,0.0,-0.006859333333333283,0.0018682111467630143,3.410871290882325e-05,0.06086666666666661,0.2970449251469474,0.005423273536513889,-0.04274600000000011,0.2983650518252204,0.005447375641862371,0.0,0.0,0.0,0.011261333333333401,0.014278224850761162,0.0002606835277297574
PRO 193,R PRO 193,0.0,0.0,0.0,-0.004175333333333322,0.0022646393875307225,4.134646923884201e-05,0.033563333333333424,0.017276091057360814,0.00031541682592099317,-0.036777000000000296,0.017625528956600685,0.0003217966599163563,0.0,0.0,0.0,-0.007388999999999799,0.0043157477915187654,7.879441393059769e-05
ASP 194,R ASP 194,0.0,0.0,0.0,-0.004356333333333322,0.0016647401866022682,3.0393858419580727e-05,-0.14596500000000015,0.2219526986582198,0.004052283325141786,0.1818019999999997,0.23109718330030235,0.004219238008982725,0.0,0.0,0.0,0.03148066666666659,0.01459971322397247,0.00026655307552920647
TYR 195,R TYR 195,0.0,0.0,0.0,-0.0065586666666666345,0.0014897063096089105,2.7198191661019174e-05,-0.01700366666666666,0.020868596500217464,0.00038100670155474895,0.010787999999999992,0.024752879751657075,0.0004519236867731818,0.0,0.0,0.0,-0.012774333333333278,0.007630688559290691,0.00013931667510733696
VAL 196,R VAL 196,0.0,0.0,0.0,-0.0006949999999999967,0.00046040742826324293,8.405851136757323e-06,0.01793666666666668,0.005205957057918128,9.504733713416625e-05,-0.017573000000000148,0.005422791808653103,9.900617994178477e-05,0.0,0.0,0.0,-0.0003313333333332638,0.0012931427694658115,2.3609448830370924e-05
ARG 197,R ARG 197,0.0,0.0,0.0,-0.00040566666666666285,0.0004910205924624918,8.964768489708597e-06,-0.10139699999999989,0.06338757021425111,0.0011572934023929302,0.10124766666666689,0.06310877113805585,0.0011522032509581387,0.0,0.0,0.0,-0.0005549999999996562,0.0009474395319318781,1.7297800117040857e-05
LYS 198,R LYS 198,0.0,0.0,0.0,-0.00029466666666667387,0.00045589277491778197,8.323425220869818e-06,-0.1101076666666668,0.0513591219540295,0.0009376849875960254,0.11038833333333348,0.05127791139684008,0.0009362022924600184,0.0,0.0,0.0,-1.4000000000152113e-05,0.0008693698867572497,1.5872449926421915e-05
GLY 199,R GLY 199,0.0,0.0,0.0,-0.00010066666666666672,0.00030088683734734683,5.493416935717658e-06,0.000707333333333357,0.004241659999994759,7.744176210881641e-05,-0.0007213333333333289,0.00423772874177773,7.736998748198827e-05,0.0,0.0,0.0,-0.00011466666666656714,0.0006523175777351128,1.1909635066088366e-05
ASP 200,R ASP 200,0.0,0.0,0.0,-0.00021466666666666626,0.0004105909021019442,7.496329966254339e-06,0.17611466666666664,0.05908395877807161,0.0010787205669818398,-0.17474499999999965,0.058689288985868095,0.001071514915383315,0.0,0.0,0.0,0.0011550000000001338,0.0009998208172801095,1.8254147169585565e-05
ALA 201,R ALA 201,0.0,0.0,0.0,-0.00032700000000000415,0.00046911725613113915,8.564870109931786e-06,-0.01904866666666669,0.004680416458203347,8.545232242254696e-05,0.0210820000000002,0.005068327403261663,9.253457491959985e-05,0.0,0.0,0.0,0.0017063333333331126,0.0010577144647252526,1.9311135724317438e-05
ARG 202,R ARG 202,0.0,0.0,0.0,-0.0014146666666666641,0.0005119097142617414,9.346149930239326e-06,-0.08164733333333356,0.11267320130753729,0.0020571217994152916,0.09789133333333325,0.11028100255660066,0.0020134464254845026,0.0,0.0,0.0,0.0148293333333334,0.004815621062980516,8.792080948638115e-05
LEU 203,R LEU 203,0.0,0.0,0.0,-0.0012893333333333457,0.00048540658787822653,8.862271258083946e-06,-0.021903999999999788,0.006236247589697128,0.00011385778263547795,0.03402766666666694,0.008440629985701999,0.00015410411475744976,0.0,0.0,0.0,0.01083433333333348,0.003413242039794509,6.231698864734661e-05
PRO 204,R PRO 204,0.0,0.0,0.0,-0.002496333333333341,0.0006757612168675459,1.2337655398849848e-05,-0.008523333333333357,0.007117686109653592,0.0001299505746499487,0.0012079999999999981,0.007018931732583429,0.0001281475746508254,0.0,0.0,0.0,-0.009811666666666854,0.0028088308164707474,5.128199994655605e-05
LEU 205,R LEU 205,0.0,0.0,0.0,-0.0007373333333333424,0.0004415950885395114,8.062386375886048e-06,0.00283966666666673,0.004087781780977153,7.463234305332763e-05,-0.0015776666666666719,0.004111281376354017,7.506138500266605e-05,0.0,0.0,0.0,0.0005246666666666865,0.001622156452243715,2.9616389356547812e-05
LYS 206,R LYS 206,0.0,0.0,0.0,-0.001208000000000011,0.00044504980994641364,8.12546067070126e-06,0.06482266666666682,0.10186182087950785,0.0018597339014752388,-0.050311666666666685,0.10047813956555707,0.0018344714525402644,0.0,0.0,0.0,0.013303000000000158,0.003323029390982633,6.066993855646141e-05
TRP 207,R TRP 207,0.0,0.0,0.0,-0.005941000000000029,0.001010372373599887,1.8446791350023175e-05,0.007054333333333327,0.011403919555233052,0.0002082061328125141,-0.019534000000000228,0.01284627743745179,0.00023453986441540018,0.0,0.0,0.0,-0.018420666666666495,0.005645267004806502,0.00010306800272240487
MET 208,R MET 208,0.0,0.0,0.0,-0.001914666666666645,0.0005621846276406582,1.0264040068047693e-05,-0.017227999999999986,0.0076337856052334715,0.00013937321917148663,0.02162433333333353,0.00911872841403182,0.00016648444160428453,0.0,0.0,0.0,0.0024816666666667045,0.0027701378826491493,5.057556685755126e-05
ALA 209,R ALA 209,0.0,0.0,0.0,-0.000527666666666674,0.0004992339687516762,9.114723538604074e-06,0.007502333333333264,0.0034177957646541433,6.240012790822307e-05,-0.0071606666666666945,0.003852728845319266,7.03408832177398e-05,0.0,0.0,0.0,-0.00018600000000008136,0.001356983419206019,2.4775014295320857e-05
PRO 210,R PRO 210,0.0,0.0,0.0,-0.0002673333333333335,0.0004425677600348048,8.080144846519863e-06,0.006054666666666587,0.0023574728465504055,4.304136855871907e-05,-0.008190333333333421,0.002563351950517252,4.680018953743884e-05,0.0,0.0,0.0,-0.0024030000000000566,0.0010240073241927759,1.8695730350362964e-05
GLU 211,R GLU 211,0.0,0.0,0.0,-0.0004653333333333342,0.0004987967744705437,9.106741499611124e-06,0.13183866666666658,0.06331726966809641,0.0011560098958951347,-0.13435200000000036,0.06310631317599338,0.0011521583749159018,0.0,0.0,0.0,-0.002978666666666513,0.001610448660743505,2.9402635306440072e-05
THR 212,R THR 212,0.0,0.0,0.0,-0.0007936666666666863,0.0004184414202994446,7.63966016308353e-06,0.005144666666666701,0.005602238084511867,0.00010228240571338942,-0.0009506666666666686,0.005439813068683724,9.93169442109825e-05,0.0,0.0,0.0,0.0034003333333333667,0.0018606629344283365,3.3970902036671853e-05
ILE 213,R ILE 213,0.0,0.0,0.0,-0.00041666666666668946,0.0004930066485916644,9.001028747789237e-06,0.006049000000000049,0.003248579022690743,5.931066701886022e-05,-0.006257666666666673,0.0033045334348772615,6.03322501437435e-05,0.0,0.0,0.0,-0.000625333333333306,0.0009620940125002408,1.7565353102901304e-05
PHE 214,R PHE 214,0.0,0.0,0.0,-0.0001933333333333375,0.0003949120858565393,7.210075255168114e-06,0.003118333333333268,0.002664269234810096,4.864267863908393e-05,-0.0032966666666666513,0.002672449978744036,4.8792037905410334e-05,0.0,0.0,0.0,-0.00037166666666677884,0.000734981103309897,1.3418857654095515e-05
ASP 215,R ASP 215,0.0,0.0,0.0,-0.00018566666666666346,0.00038883744104130564,7.099167922030272e-06,0.11754200000000026,0.04085357066401881,0.0007458807402438136,-0.11664300000000001,0.040750871782085744,0.0007440057237683036,0.0,0.0,0.0,0.0007133333333332459,0.0007740513907717342,1.4132180246464165e-05
ARG 216,R ARG 216,0.0,0.0,0.0,-0.0005533333333333304,0.0005031456603763371,9.186140929965102e-06,-0.19155099999999964,0.06735799432138705,0.0012297830972709523,0.19431833333333334,0.06839252150068766,0.0012486708930194567,0.0,0.0,0.0,0.0022140000000002353,0.0021995917803080394,4.015886784592203e-05
VAL 217,R VAL 217,0.0,0.0,0.0,-0.0005523333333333343,0.0004972536799483808,9.078568577006083e-06,0.0014550000000000552,0.004563475466498479,8.331728178742093e-05,0.001815333333333335,0.004905972369356449,8.957039110645312e-05,0.0,0.0,0.0,0.002718000000000073,0.0011974177772746059,2.186175757903328e-05
TYR 218,R TYR 218,0.0,0.0,0.0,-0.004104333333333355,0.0009630409590919647,1.758264190320263e-05,-0.003911999999999878,0.011373782249835174,0.00020765590341288612,0.010377666666666632,0.013758574340711703,0.0002511960508506523,0.0,0.0,0.0,0.0023613333333335337,0.005049498809012885,9.219081339306091e-05
THR 219,R THR 219,0.0,0.0,0.0,-0.0018520000000000003,0.0005785867840406706,1.0563501103114844e-05,0.004887000000000034,0.005991847044109205,0.00010939565957264211,0.002251333333333325,0.006438232020947642,0.0001175454969441699,0.0,0.0,0.0,0.005286333333333386,0.002415715192006109,4.410472343898898e-05
ILE 220,R ILE 220,0.0,0.0,0.0,-0.006121999999999988,0.0016481654447698954,3.0091246420033555e-05,0.002273666666666723,0.005790806497275553,0.00010572517815684329,0.0005829999999999978,0.0062087930389086105,0.00011335653340970988,0.0,0.0,0.0,-0.0032653333333334663,0.002980424727376467,5.441486180434253e-05
GLN 221,R GLN 221,0.0,0.0,0.0,-0.001254333333333329,0.000446073113090485,8.144143544540388e-06,-0.0030409999999998025,0.005256803750062191,9.597566647622705e-05,0.009206666666666674,0.0057979843240751104,0.00010585622674524271,0.0,0.0,0.0,0.004911333333333353,0.0016888274696434844,3.083363002860358e-05
SER 222,R SER 222,0.0,0.0,0.0,-0.001494999999999999,0.0005052804501792169,9.225116680984079e-06,-0.003525666666666543,0.0031811959840426203,5.8080426676832917e-05,0.009806333333333446,0.003809045360133062,6.954333554350891e-05,0.0,0.0,0.0,0.004785666666666795,0.0025495871343330315,4.654887952663851e-05
ASP 223,R ASP 223,0.0,0.0,0.0,-0.011458666666666619,0.002604795236140946,4.7556836950546394e-05,0.24951933333333345,0.15738929323884202,0.0028735222072236366,-0.2312553333333334,0.15707561068337553,0.002867795173506141,0.0,0.0,0.0,0.006805333333333323,0.012317363282059082,0.00022488325728565423
VAL 224,R VAL 224,0.0,0.0,0.0,-0.001738000000000017,0.0004823788276171008,8.80699217162607e-06,-0.0020996666666666095,0.004584728260455864,8.370530294276991e-05,0.009679666666666732,0.00521258603979048,9.516836523099224e-05,0.0,0.0,0.0,0.005842000000000007,0.002251600023686812,4.110840411508111e-05
TRP 225,R TRP 225,0.0,0.0,0.0,-0.0013086666666667218,0.0004619432384563862,8.433891066318354e-06,-0.01204733333333348,0.004405045541447018,8.042476032960299e-05,0.016112333333333468,0.004834154309585619,8.825917872736185e-05,0.0,0.0,0.0,0.002756333333333152,0.0023232792676635768,4.241708207611412e-05
SER 226,R SER 226,0.0,0.0,0.0,-0.0026243333333333305,0.0005482164009060379,1.0009016305684417e-05,-0.003558999999999986,0.004776733786455449,8.72108282012905e-05,0.01691633333333353,0.005432249370400321,9.917885060538306e-05,0.0,0.0,0.0,0.010733000000000053,0.003997046117655839,7.297574406761836e-05
PHE 227,R PHE 227,0.0,0.0,0.0,-0.004090666666666647,0.0006646649949827157,1.2135067031203049e-05,-0.00503633333333336,0.0037583258536512537,6.861732828332171e-05,-0.0006309999999999995,0.005097663418992395,9.307017483836812e-05,0.0,0.0,0.0,-0.009757999999999777,0.0036668927809069777,6.694799640185335e-05
GLY 228,R GLY 228,0.0,0.0,0.0,-0.000567999999999997,0.0004953544185731879,9.043892967079701e-06,-0.009087333333333348,0.003805658885863963,6.948150726525569e-05,0.014752333333333428,0.004735503622166402,8.645807183359864e-05,0.0,0.0,0.0,0.005097000000000104,0.0025788093505854214,4.708240176069612e-05
VAL 229,R VAL 229,0.0,0.0,0.0,-0.0014626666666666512,0.0004992723594280743,9.115424453252778e-06,-0.017059333333333218,0.0052837309629546764,9.646728787329231e-05,0.033925666666667006,0.00833359513588575,0.00015214993470133185,0.0,0.0,0.0,0.015403666666666666,0.005535285589339934,0.0001010600259838253
LEU 230,R LEU 230,0.0,0.0,0.0,-0.006478333333333325,0.000953343531414107,1.7405591906904712e-05,-0.018065333333333433,0.006813740888006241,0.00012440131951187665,0.028392000000000327,0.00900597964317625,0.0001644259400999986,0.0,0.0,0.0,0.0038483333333332115,0.006317963587176561,0.00011534970580642865
LEU 231,R LEU 231,0.0,0.0,0.0,-0.0014093333333333534,0.0004917108454727913,8.97737072784616e-06,-0.009124333333333292,0.005219853882586786,9.53010572791235e-05,0.01299666666666679,0.006159598652148534,0.00011245837089867229,0.0,0.0,0.0,0.0024629999999999748,0.0033053438046089854,6.034704540314298e-05
TRP 232,R TRP 232,0.0,0.0,0.0,-0.0012340000000000285,0.00042962464237205884,7.843836929575547e-06,-0.012956333333333328,0.004787667478938827,8.741044920162283e-05,0.016785333333333475,0.005664855239887828,0.00010342563332959675,0.0,0.0,0.0,0.0025949999999999294,0.0030879834304391907,5.6378606068457656e-05
GLH 233,R GLH 233,0.0,0.0,0.0,-0.003865000000000009,0.0008996897613436468,1.642601256814516e-05,0.01990733333333325,0.02252188741844006,0.0004111915258890471,0.01005866666666667,0.018576702924780537,0.0003391626411991498,0.0,0.0,0.0,0.02610099999999996,0.009807792769017927,0.00017906497796423912
ILE 234,R ILE 234,0.0,0.0,0.0,-0.0029809999999999884,0.00061479454562764,1.1224561362379917e-05,-0.016613000000000138,0.00576679266721686,0.00010528674760966856,0.027917000000000417,0.007537911580800395,0.00013762280697612674,0.0,0.0,0.0,0.00832299999999995,0.004255585075325634,7.769599803793903e-05
PHE 235,R PHE 235,0.0,0.0,0.0,-0.0009399999999999989,0.0003061590000854309,5.58967301766722e-06,-0.006136000000000128,0.003469222391257042,6.333904535644984e-05,-0.0017479999999999913,0.0050154258044556935,9.156872828646258e-05,0.0,0.0,0.0,-0.008823999999999933,0.0030758777608999666,5.615758779244645e-05
SER 236,R SER 236,0.0,0.0,0.0,-0.0007183333333333261,0.0004512913569844436,8.239415207583212e-06,-0.017619666666666572,0.005604612376327819,0.00010232575415291264,0.0230080000000003,0.00690858905035213,0.00012613300211370185,0.0,0.0,0.0,0.004670000000000146,0.0034413805369354357,6.283072496795929e-05
LEU 237,R LEU 237,0.0,0.0,0.0,-0.0017383333333333445,0.0005226827165901998,9.542837143151073e-06,-0.021321999999999952,0.008540900577027383,0.0001559347969148929,0.037004666666667074,0.011044545179507741,0.00020164488440671112,0.0,0.0,0.0,0.01394433333333336,0.004954314741268817,9.045299802577672e-05
GLY 238,R GLY 238,0.0,0.0,0.0,-0.002004666666666668,0.0006387317294624352,1.1661592547362096e-05,-0.027764666666666528,0.011349917101997994,0.00020722018741926548,0.03490600000000035,0.012929288353706993,0.00023605542946047176,0.0,0.0,0.0,0.00513666666666676,0.004296043399325478,7.843466259439129e-05
ALA 239,R ALA 239,0.0,0.0,0.0,-0.0012076666666666696,0.0004787566071490654,8.740859776339405e-06,0.01321800000000015,0.009865418186777367,0.0001801170693373226,-0.01227733333333339,0.010143524349170761,0.00018519456995479114,0.0,0.0,0.0,-0.0002669999999996321,0.0025825783627995385,4.71512141943356e-05
SER 240,R SER 240,0.0,0.0,0.0,-0.0011836666666666718,0.0004703897910834787,8.58810331321879e-06,0.010642666666666602,0.012453874078195813,0.0002273755920318901,-0.000845999999999993,0.012010923528188807,0.0002192884584286182,0.0,0.0,0.0,0.008612999999999886,0.002505972399421988,4.5752587054958964e-05
PRO 241,R PRO 241,0.0,0.0,0.0,-0.0011276666666666718,0.00042115067243075714,7.689124113293158e-06,-0.014457000000000074,0.005684084593552842,0.00010377671168854918,0.010316000000000053,0.005414376910903993,9.885254563124186e-05,0.0,0.0,0.0,-0.005268666666666695,0.002189631222121437,3.997701376578387e-05
TYR 242,R TYR 242,0.0,0.0,0.0,-0.0005393333333333284,0.0004984504879011393,9.100419200763662e-06,-0.005630333333333255,0.004041164834824591,7.378123795433557e-05,0.004345333333333311,0.004014151411638042,7.328804257984536e-05,0.0,0.0,0.0,-0.0018243333333332569,0.0010221584460780384,1.866197460871232e-05
PRO 243,R PRO 243,0.0,0.0,0.0,-0.0003009999999999971,0.0004586927075940915,8.374544763746838e-06,0.01045566666666664,0.0029163963874769628,5.324586960159031e-05,-0.011021999999999916,0.0029084101040488296,5.310006068211637e-05,0.0,0.0,0.0,-0.0008673333333332796,0.0007709731224598613,1.407597901338196e-05
GLY 244,R GLY 244,0.0,0.0,0.0,-9.666666666666587e-05,0.00029550333707459303,5.3951281177935755e-06,0.004181333333333394,0.00246355804117169,4.497821036243251e-05,-0.0041483333333333225,0.0024524132106061346,4.477473452575492e-05,0.0,0.0,0.0,-6.366666666662624e-05,0.000647260809531639,1.1817311532317782e-05
VAL 245,R VAL 245,0.0,0.0,0.0,-0.00016766666666666734,0.00037357001426179383,6.820424120623703e-06,-0.004597666666666721,0.003221354977162423,5.8813626224113276e-05,0.004831333333333308,0.003285252636995944,5.998023254620032e-05,0.0,0.0,0.0,6.599999999989936e-05,0.0007082683107411143,1.2931151018632895e-05
LYS 246,R LYS 246,0.0,0.0,0.0,-0.00015399999999999545,0.00036094874982466995,6.58999241274202e-06,0.029920333333333257,0.047245535802044165,0.0008625815233399173,-0.029486333333333236,0.04702583488419499,0.0008585703517195645,0.0,0.0,0.0,0.0002799999999999846,0.0007511768544534142,1.3714550261996997e-05
ILE 247,R ILE 247,0.0,0.0,0.0,-0.0003529999999999918,0.00047790270976422747,8.72526981435706e-06,-0.0015773333333334492,0.0029055153683220695,5.3047210280264286e-05,0.0019466666666666757,0.0029516925464704246,5.389028635072391e-05,0.0,0.0,0.0,1.633333333321126e-05,0.0007767881879180593,1.4182147097542767e-05
ASP 248,R ASP 248,0.0,0.0,0.0,-0.0001273333333333301,0.0003333459997593341,6.0860374507432985e-06,0.019197999999999684,0.04501810890445445,0.0008219144581064628,-0.019473666666666715,0.04485326416834732,0.0008189048187580674,0.0,0.0,0.0,-0.00040300000000045817,0.0007173499843175036,1.3096958934555796e-05
GLU 249,R GLU 249,0.0,0.0,0.0,-0.0001129999999999994,0.00031659279840198345,5.780167240948395e-06,0.07321799999999976,0.04546759075796023,0.0008301208364516077,-0.0731173333333334,0.04532842632266056,0.0008275800531044045,0.0,0.0,0.0,-1.2333333333508279e-05,0.0006890920757698951,1.2581042469907687e-05
GLU 250,R GLU 250,0.0,0.0,0.0,-6.499999999999639e-05,0.0002465258607124071,4.500925830685399e-06,0.02945333333333316,0.03307221122869731,0.0006038132038844387,-0.029398000000000073,0.03302134051387569,0.0006028844359502983,0.0,0.0,0.0,-9.66666666676493e-06,0.0006373695073416111,1.16367218878985e-05
PHE 251,R PHE 251,0.0,0.0,0.0,-0.0002233333333333327,0.0004164799581679237,7.603848927912658e-06,-0.00048666666666659825,0.001799394960041309,3.28523069825244e-05,0.0007559999999999999,0.0017757056813184641,3.2419801904940084e-05,0.0,0.0,0.0,4.600000000007713e-05,0.0007478083533456013,1.3653050127272656e-05
CYS 252,R CYS 252,0.0,0.0,0.0,-0.00014033333333333698,0.00034733253358833964,6.341395453391813e-06,0.0021873333333332187,0.0023729530594223352,4.332399728488366e-05,-0.002353666666666653,0.00242155319761698,4.4211310351119506e-05,0.0,0.0,0.0,-0.00030666666666674924,0.0007279804637182641,1.3291044046718813e-05
ARG 253,R ARG 253,0.0,0.0,0.0,-9.000000000000045e-05,0.00028618176042508476,5.224940191045272e-06,-0.04541599999999997,0.03502184476389957,0.0006394084794210662,0.04526099999999997,0.03493771904880644,0.0006378725610269741,0.0,0.0,0.0,-0.0002450000000001182,0.0006605363981893715,1.2059689511384445e-05
ARG 254,R ARG 254,0.0,0.0,0.0,-9.133333333333334e-05,0.0002880825498976906,5.259643700085757e-06,-0.012991666666666749,0.03537855655462625,0.0006459211158980349,0.013192666666666653,0.035290983922557764,0.0006443222656979012,0.0,0.0,0.0,0.00010966666666671661,0.0006635559927810995,1.2114819513798112e-05
LEU 255,R LEU 255,0.0,0.0,0.0,-0.00020266666666666686,0.0004019861799725084,7.3392299525424765e-06,-0.0022466666666667028,0.0020398910646294544,3.724314503169269e-05,0.002651333333333326,0.002053557455300991,3.7492658046708656e-05,0.0,0.0,0.0,0.00020199999999994178,0.000742874596864598,1.3562972470009896e-05
LYS 256,R LYS 256,0.0,0.0,0.0,-0.00010533333333333416,0.00030698244611414456,5.60470701649437e-06,-0.07125833333333348,0.03819834547754969,0.0006974031825809804,0.07104800000000024,0.038117437339534196,0.0006959260088384195,0.0,0.0,0.0,-0.0003156666666667653,0.0006567758792428776,1.1991032142887101e-05
GLU 257,R GLU 257,0.0,0.0,0.0,-5.4666666666667754e-05,0.00022732844569526314,4.1504305889961265e-06,0.02851999999999996,0.03209293172439464,0.0005859340880641371,-0.02855999999999997,0.03203162603844318,0.0005848148044941724,0.0,0.0,0.0,-9.466666666669947e-05,0.0006290507840301374,1.1484843474320558e-05
GLY 258,R GLY 258,0.0,0.0,0.0,-3.4666666666668176e-05,0.00018293411078552788,3.3399046338127575e-06,-0.002011333333333231,0.0013273550977622305,2.4234077628794955e-05,0.002089999999999997,0.0013230898180647812,2.4156204631982895e-05,0.0,0.0,0.0,4.400000000012309e-05,0.0006061330986947162,1.1066425700186706e-05
THR 259,R THR 259,0.0,0.0,0.0,-9.43333333333299e-05,0.00029229190128286016,5.336495590289857e-06,0.0033379999999999703,0.0018176237234368896,3.318511714609719e-05,-0.003096333333333329,0.0017982546785394635,3.2831488385842176e-05,0.0,0.0,0.0,0.00014733333333328218,0.0006477856298362175,1.1826893396299595e-05
ARG 260,R ARG 260,0.0,0.0,0.0,-0.00019666666666666305,0.00039747816152448437,7.256925172754736e-06,-0.03614100000000007,0.05368314868125137,0.0009801157163541695,0.036906333333333395,0.05352008557437933,0.0009771386049564797,0.0,0.0,0.0,0.0005686666666665682,0.0007792848573452058,1.4227729836338821e-05
MET 261,R MET 261,0.0,0.0,0.0,-0.0003653333333333372,0.00048152350813734517,8.791376245861545e-06,-0.0009000000000000815,0.0014764823060233682,2.695675549220815e-05,0.0005643333333333318,0.0015213572522221387,2.7776056168871393e-05,0.0,0.0,0.0,-0.0007010000000000878,0.0008411890393960139,1.5357940400109955e-05
ARG 262,R ARG 262,0.0,0.0,0.0,-0.0001729999999999973,0.0003782472736187213,6.9058188025267455e-06,0.0552806666666666,0.04719523873819871,0.0008616632287917695,-0.05498000000000013,0.046999080842076234,0.0008580818919738017,0.0,0.0,0.0,0.00012766666666656572,0.0007536806721388555,1.3760263509536884e-05
ALA 263,R ALA 263,0.0,0.0,0.0,-0.00010433333333333753,0.0003056924743739963,5.58115546247359e-06,-0.0032979999999999685,0.002266685392079416,4.138382400031126e-05,0.004211999999999977,0.0022789740381730546,4.160818295586738e-05,0.0,0.0,0.0,0.0008096666666667234,0.0006895214926952504,1.258888251446074e-05
PRO 264,R PRO 264,0.0,0.0,0.0,-0.0002836666666666791,0.0004507769835394317,8.23002407628939e-06,0.004642333333333338,0.0035833514883261072,6.542274805419729e-05,-0.004582333333333321,0.0036365580643728974,6.639416278447866e-05,0.0,0.0,0.0,-0.00022366666666673218,0.0008360461842639109,1.526404514124882e-05
ASP 265,R ASP 265,0.0,0.0,0.0,-0.00018100000000000413,0.00038501818138888806,7.02943809987699e-06,-0.10218333333333315,0.06175085739395805,0.0011274112513318501,0.10198933333333333,0.06162455587038448,0.0011251053115482327,0.0,0.0,0.0,-0.00037500000000017055,0.0007897520708005109,1.4418834133795227e-05
TYR 266,R TYR 266,0.0,0.0,0.0,-0.0004349999999999804,0.000495756996924883,9.051243008559256e-06,0.0019459999999999979,0.0037322581189765656,6.814139873984217e-05,-0.0014793333333333264,0.003684956746316342,6.727779777961009e-05,0.0,0.0,0.0,3.166666666669293e-05,0.0008238105904205273,1.5040654782832402e-05
THR 267,R THR 267,0.0,0.0,0.0,-0.00019900000000000532,0.00039924804320122775,7.289238643370317e-06,-0.0006883333333332332,0.0026100824806038845,4.765336838585959e-05,0.0017979999999999964,0.002645347362194011,4.829721409034829e-05,0.0,0.0,0.0,0.0009106666666666978,0.0008733190838531173,1.5944552070869934e-05
THR 268,R THR 268,0.0,0.0,0.0,-0.0001326666666666679,0.0003392141244438745,6.1931742594091535e-06,0.0014810000000000075,0.003384617999124907,6.17943875552904e-05,-0.0018789999999999892,0.003370018644854471,6.152784103332616e-05,0.0,0.0,0.0,-0.0005306666666666195,0.0007605214585327657,1.3885158610170852e-05
PRO 269,R PRO 269,0.0,0.0,0.0,-8.133333333333548e-05,0.00027334634115390346,4.990598568716521e-06,0.0020653333333333517,0.001750732672023091,3.1963859220944684e-05,-0.002219666666666658,0.0017293775052184552,3.157396900167187e-05,0.0,0.0,0.0,-0.00023566666666669889,0.0006440454607833911,1.1758607564329071e-05
GLU 270,R GLU 270,0.0,0.0,0.0,-0.00012099999999999397,0.0003261272757682027,5.954242185198419e-06,-0.020658666666666693,0.05335435150846567,0.0009741127287415478,0.020920666666666594,0.053219836898994205,0.0009716568392108305,0.0,0.0,0.0,0.00014099999999992008,0.0007060115674214218,1.2889948711209738e-05
MET 271,R MET 271,0.0,0.0,0.0,-0.00035899999999999463,0.00047970720236410535,8.758215191083868e-06,0.00558166666666664,0.003825702186817806,6.984744620056518e-05,-0.0044943333333333346,0.0037900705211849684,6.919690396627895e-05,0.0,0.0,0.0,0.0007283333333332852,0.0010414079678758952,1.9013421185708105e-05
TYR 272,R TYR 272,0.0,0.0,0.0,-0.00021133333333333225,0.00040825427806154713,7.4536692430765275e-06,0.00392266666666661,0.001617411374868852,2.9529756492703815e-05,-0.004662333333333302,0.0016664276828659958,3.0424667745225703e-05,0.0,0.0,0.0,-0.0009510000000000449,0.0007957799109469377,1.4528886934503001e-05
GLN 273,R GLN 273,0.0,0.0,0.0,-0.00012200000000000077,0.0003272858078194061,5.975393989799647e-06,0.0013423333333334047,0.0025867240328690646,4.7226903428104046e-05,-0.0007146666666666981,0.0027390846808540083,5.00086155540193e-05,0.0,0.0,0.0,0.0005056666666667316,0.0007767246759451712,1.4180987532868684e-05
THR 274,R THR 274,0.0,0.0,0.0,-0.00027566666666666993,0.00044684958940963886,8.15831999771936e-06,0.005343333333333379,0.002360393093439312,4.309468472853701e-05,-0.0017213333333333314,0.0025551930564158107,4.665122919265033e-05,0.0,0.0,0.0,0.003346333333333354,0.001207912754391729,2.205336876928491e-05
MET 275,R MET 275,0.0,0.0,0.0,-0.00044699999999999205,0.0004971830648765027,9.0772793280805e-06,0.005920000000000077,0.002868495540639122,5.237132379036747e-05,-0.005370000000000033,0.0030163609421506835,5.5070964319782154e-05,0.0,0.0,0.0,0.00010300000000011019,0.001118506891649086,2.0421048509373035e-05
LEU 276,R LEU 276,0.0,0.0,0.0,-0.0001773333333333221,0.00038195054944613446,6.973431059438006e-06,0.004629000000000014,0.0016058307299754721,2.9318323811418447e-05,-0.005143000000000038,0.0016473871230928945,3.0077036275383935e-05,0.0,0.0,0.0,-0.00069133333333338,0.0007853183360197944,1.4337885582015438e-05
ASP 277,R ASP 277,0.0,0.0,0.0,-0.00016766666666667262,0.0003735700142618055,6.820424120623915e-06,0.023135999999999872,0.05314162371123669,0.0009702288683031911,-0.022362999999999925,0.053005288078958296,0.0009677397315968377,0.0,0.0,0.0,0.0006053333333332205,0.0008595957706326613,1.569399979705151e-05
CYS 278,R CYS 278,0.0,0.0,0.0,-0.0004493333333333407,0.0004974262647758943,9.081719530443157e-06,0.006164333333333322,0.002025996352963837,3.69894634647164e-05,-0.003955333333333345,0.0023295217439542513,4.253105357875057e-05,0.0,0.0,0.0,0.0017596666666667698,0.0013470609571292062,2.4593855751805524e-05
TRP 279,R TRP 279,0.0,0.0,0.0,-0.0006253333333333095,0.00048403672955216247,8.837261181224894e-06,-0.00546866666666674,0.00427508497641359,7.80520158944388e-05,0.0034486666666666615,0.004275983109830494,7.806841349217506e-05,0.0,0.0,0.0,-0.0026453333333333233,0.001126444948598313,2.056597693783478e-05
HID 280,R HID 280,0.0,0.0,0.0,-0.00019266666666666735,0.00039439348653625604,7.200606970300581e-06,0.0029913333333333914,0.0025370438615750714,4.6319871745489354e-05,-0.0032886666666666555,0.0025816025169564287,4.7133397768304965e-05,0.0,0.0,0.0,-0.0004900000000000484,0.0007487100017143628,1.3669511898956269e-05
GLY 281,R GLY 281,0.0,0.0,0.0,-8.000000000000104e-05,0.0002712931993250143,4.9531134989351884e-06,0.005568999999999813,0.002169002612569525,3.96003886063989e-05,-0.005618999999999957,0.002162831246306556,3.9487715389303755e-05,0.0,0.0,0.0,-0.00013000000000015573,0.0006468642309891279,1.1810071031865921e-05
GLU 282,R GLU 282,0.0,0.0,0.0,-0.00014999999999999866,0.00035707142142713937,6.519202405202591e-06,0.07668600000000024,0.043165079296425136,0.0007880829209050424,-0.07611366666666645,0.04308720707149934,0.0007866611750985431,0.0,0.0,0.0,0.00042233333333342195,0.0007571665749505806,1.3823907096311968e-05
PRO 283,R PRO 283,0.0,0.0,0.0,-0.0002909999999999876,0.0004542235132619024,8.29294881209303e-06,-0.004364999999999945,0.0021637409734069383,3.9504324657772196e-05,0.003938999999999994,0.0021957411049575155,4.0088564454218324e-05,0.0,0.0,0.0,-0.0007169999999999825,0.0008137839598647437,1.4857594391793294e-05
SER 284,R SER 284,0.0,0.0,0.0,-0.00012400000000000117,0.00032958155288183473,6.017308368365422e-06,-0.0031210000000000166,0.0021024649818725248,3.838558323120906e-05,0.0033669999999999885,0.002058392009959867,3.758092453478059e-05,0.0,0.0,0.0,0.00012199999999999515,0.0006839463916614184,1.2487095561240737e-05
GLN 285,R GLN 285,0.0,0.0,0.0,-0.00012233333333332784,0.0003276703967234136,5.982415590402683e-06,-0.0024966666666665703,0.002629700025139914,4.8011534108034444e-05,0.003389666666666647,0.0026076477054148917,4.760891567607741e-05,0.0,0.0,0.0,0.0007706666666668222,0.0007038509943320293,1.2850502223936442e-05
ARG 286,R ARG 286,0.0,0.0,0.0,-0.000577999999999982,0.0004938785275753377,9.016947007348321e-06,-0.09673566666666646,0.06695292720428493,0.0012223876173596052,0.10867400000000015,0.0666027706430692,0.0012159946624517286,0.0,0.0,0.0,0.011360333333333946,0.0027289484950961626,4.9823554967798144e-05
PRO 287,R PRO 287,0.0,0.0,0.0,-0.00037233333333334045,0.0004834265427365704,8.826120745118493e-06,0.005342000000000212,0.002937522085023424,5.3631570304564596e-05,-0.004511000000000003,0.003098582310240135,5.657211425349976e-05,0.0,0.0,0.0,0.000458666666666755,0.0009954688454302777,1.817469139785955e-05
THR 288,R THR 288,0.0,0.0,0.0,-0.0005930000000000061,0.0004912748721438803,8.969410980288987e-06,-0.004922333333333394,0.002591839994204113,4.7320307675655055e-05,0.011458999999999967,0.0029549369423613604,5.394952064455533e-05,0.0,0.0,0.0,0.0059436666666666214,0.0016534287270868672,3.0187340368417672e-05
PHE 289,R PHE 289,0.0,0.0,0.0,-0.005060333333333307,0.0008621832107441661,1.574123977422701e-05,-0.007842000000000099,0.0028132488928876744,5.13626626170338e-05,0.0003996666666666565,0.004327193072753842,7.900337522091242e-05,0.0,0.0,0.0,-0.012502666666666827,0.0034052889582075656,6.217178590778502e-05
SER 290,R SER 290,0.0,0.0,0.0,-0.0005683333333333398,0.0004953085458131566,9.043055448898228e-06,-0.0033106666666667763,0.0025991318208628666,4.745343760720228e-05,0.0038166666666666522,0.0029419475786552803,5.371236839424003e-05,0.0,0.0,0.0,-6.233333333357212e-05,0.0014511310148370663,2.6493906357387504e-05
GLU 291,R GLU 291,0.0,0.0,0.0,-0.000359999999999999,0.0004799999999999997,8.763560920082652e-06,0.03313666666666663,0.05695001307189412,0.001039760226989683,-0.031222999999999796,0.056823005355812306,0.0010374413939538423,0.0,0.0,0.0,0.0015536666666667808,0.0012970941454739093,2.3681590756131587e-05
LEU 292,R LEU 292,0.0,0.0,0.0,-0.000898333333333318,0.00032964206177134596,6.018413104489251e-06,-0.004104999999999914,0.0027365382633294023,4.99621245433842e-05,0.011258000000000079,0.0031634531765137226,5.775648881293126e-05,0.0,0.0,0.0,0.006254666666666798,0.0016546333598582213,3.0209333853163693e-05
VAL 293,R VAL 293,0.0,0.0,0.0,-0.0009246666666666536,0.0003188388656079833,5.821174630095018e-06,-0.003190666666666696,0.002099121932830337,3.8324547785500656e-05,0.005026666666666665,0.0028129383608998136,5.135699310454786e-05,0.0,0.0,0.0,0.0009113333333332483,0.0018545812345529134,3.3859865896347004e-05
GLU 294,R GLU 294,0.0,0.0,0.0,-0.0002989999999999986,0.00045781983355901184,8.358608337117714e-06,0.006788000000000045,0.06257496082832716,0.0011424572526892312,-0.007497666666666495,0.06237496288219784,0.0011388058064709069,0.0,0.0,0.0,-0.0010086666666664452,0.0010582650371668157,1.9321187755843598e-05
HID 295,R HID 295,0.0,0.0,0.0,-0.0002810000000000006,0.0004494874859214695,8.20648117851582e-06,-0.0033550000000001083,0.003675365061233211,6.71026783701262e-05,0.005791333333333282,0.00377338816214584,6.889232715434126e-05,0.0,0.0,0.0,0.002155333333333208,0.0010620129733464171,1.9389615395498846e-05
LEU 296,R LEU 296,0.0,0.0,0.0,-0.0007180000000000047,0.00044997333254315826,8.215351483655374e-06,-0.003675000000000106,0.0029536488732865166,5.3926003828291435e-05,0.007508000000000044,0.003187151706461276,5.818916279399748e-05,0.0,0.0,0.0,0.0031149999999998865,0.0013578567671151134,2.479095937366622e-05
GLY 297,R GLY 297,0.0,0.0,0.0,-0.0001569999999999984,0.00036380076965283805,6.642062932553342e-06,-0.003401666666666571,0.001672821136749528,3.054139570897169e-05,0.0021676666666666515,0.001727489861684387,3.153950550353394e-05,0.0,0.0,0.0,-0.001390999999999959,0.0008259049582122804,1.507889253227425e-05
ASN 298,R ASN 298,0.0,0.0,0.0,-0.00013500000000000068,0.0003417235724968373,6.238990302925659e-06,-0.0035526666666665582,0.0028780594542541496,5.2545936164533514e-05,0.00398633333333333,0.002901978616201165,5.2982638316366833e-05,0.0,0.0,0.0,0.00029866666666681377,0.0007299302858645988,1.3326642765807834e-05
LEU 299,R LEU 299,0.0,0.0,0.0,-0.00023599999999999592,0.0004246221850068542,7.752504971512867e-06,-0.0027103333333334282,0.002497550778040198,4.5598829988239825e-05,0.0039006666666666387,0.0025306388301946604,4.620293240653671e-05,0.0,0.0,0.0,0.0009543333333332243,0.0008561042901163279,1.563025437578866e-05
LEU 300,R LEU 300,0.0,0.0,0.0,-0.0004013333333333433,0.0004901682250910413,8.949206461821103e-06,-0.0027619999999999863,0.002443635815746607,4.461448195373181e-05,0.0027830000000000025,0.0024815138524699274,4.530603712531087e-05,0.0,0.0,0.0,-0.00038033333333326556,0.0009382678485140559,1.7130348853766282e-05
GLN 301,R GLN 301,0.0,0.0,0.0,-0.0001450000000000024,0.00035210083782917083,6.4284523798501726e-06,-0.0023340000000000127,0.003565544932638745,6.509764631348261e-05,0.002225000000000004,0.003547634188206758,6.477064235524565e-05,0.0,0.0,0.0,-0.00025399999999998595,0.0007062700144656212,1.2894667287077357e-05
ALA 302,R ALA 302,0.0,0.0,0.0,-8.90000000000027e-05,0.0002847437444440261,5.198685731349314e-06,-0.0004240000000001534,0.0026022216149539914,4.750984927126079e-05,0.0005279999999999887,0.002563568346400529,4.6804140367659574e-05,0.0,0.0,0.0,1.4999999999834184e-05,0.0006588689803997587,1.20292467668459e-05
ASN 303,R ASN 303,0.0,0.0,0.0,-0.00015500000000000268,0.0003619046835839569,6.607445295523425e-06,-0.043744333333333184,0.06181388976507533,0.0011285620597156491,0.04383033333333331,0.061595412815313715,0.0011245732345930037,0.0,0.0,0.0,-6.899999999967577e-05,0.0010383828773625862,1.8958190841953633e-05
E13 304,L E13   1,0.0,0.0,0.0,-32.28347900000003,1.4905461782699938,0.02721352549471974,-12.377232333333312,2.667972503298231,0.048710290761998905,24.534122999999948,1.9369517314261533,0.03536373853669308,-5.0003455823999925,0.10330859618179578,0.0018861482837653873,-25.126933915733233,1.92360479445118,0.035120057921533325

