#Res        AtomicFlx
   1.000       4.1936
   2.000       2.4057
   3.000       1.3531
   4.000       1.9285
   5.000       1.9857
   6.000       1.3922
   7.000       1.3082
   8.000       1.2339
   9.000       1.1859
  10.000       1.1018
  11.000       1.1563
  12.000       1.0093
  13.000       0.7167
  14.000       0.6763
  15.000       0.6943
  16.000       0.8202
  17.000       0.8090
  18.000       1.0287
  19.000       0.8764
  20.000       0.7700
  21.000       0.8491
  22.000       0.8150
  23.000       0.9771
  24.000       1.1069
  25.000       0.9062
  26.000       0.8240
  27.000       0.8444
  28.000       0.7972
  29.000       0.9134
  30.000       1.1693
  31.000       1.0031
  32.000       0.7414
  33.000       0.5942
  34.000       0.5374
  35.000       0.5944
  36.000       0.6967
  37.000       0.6699
  38.000       0.7492
  39.000       0.7284
  40.000       0.9001
  41.000       1.0148
  42.000       0.9078
  43.000       1.5831
  44.000       1.7042
  45.000       1.7522
  46.000       1.6473
  47.000       1.2867
  48.000       1.0460
  49.000       0.9393
  50.000       0.7544
  51.000       0.5670
  52.000       0.5179
  53.000       0.4416
  54.000       0.4310
  55.000       0.5299
  56.000       0.7177
  57.000       0.9959
  58.000       1.3678
  59.000       1.6565
  60.000       1.0938
  61.000       1.0913
  62.000       1.0922
  63.000       1.0490
  64.000       0.8332
  65.000       0.7754
  66.000       0.8563
  67.000       0.7844
  68.000       0.6094
  69.000       0.6701
  70.000       0.7692
  71.000       0.6183
  72.000       0.5609
  73.000       0.6951
  74.000       0.6971
  75.000       0.6157
  76.000       0.6907
  77.000       0.8098
  78.000       0.8360
  79.000       0.9082
  80.000       0.7709
  81.000       0.5882
  82.000       0.5486
  83.000       0.4974
  84.000       0.4965
  85.000       0.5229
  86.000       0.5455
  87.000       0.5113
  88.000       0.5126
  89.000       0.5503
  90.000       0.4818
  91.000       0.5615
  92.000       0.6985
  93.000       0.8799
  94.000       1.1382
  95.000       1.3461
  96.000       1.0279
  97.000       0.8482
  98.000       0.6214
  99.000       0.5346
 100.000       0.4310
 101.000       0.4273
 102.000       0.4600
 103.000       0.5585
 104.000       0.5932
 105.000       0.6078
 106.000       0.8413
 107.000       0.6854
 108.000       0.7216
 109.000       0.6060
 110.000       0.5824
 111.000       0.6735
 112.000       0.6951
 113.000       0.6479
 114.000       0.6142
 115.000       0.7473
 116.000       0.8617
 117.000       0.8479
 118.000       0.8825
 119.000       1.1476
 120.000       1.0109
 121.000       0.9319
 122.000       1.0170
 123.000       1.7366
 124.000       2.2625
 125.000       3.0159
 126.000       3.3403
 127.000       4.0679
 128.000       4.4537
 129.000       3.7868
 130.000       4.1359
 131.000       3.8823
 132.000       2.6407
 133.000       2.7458
 134.000       2.3668
 135.000       1.3637
 136.000       1.1253
 137.000       1.0003
 138.000       0.8144
 139.000       0.6923
 140.000       0.6199
 141.000       0.5384
 142.000       0.5140
 143.000       0.5306
 144.000       0.5042
 145.000       0.4975
 146.000       0.4779
 147.000       0.4847
 148.000       0.4673
 149.000       0.4678
 150.000       0.5092
 151.000       0.5011
 152.000       0.4504
 153.000       0.4868
 154.000       0.5175
 155.000       0.5276
 156.000       0.5825
 157.000       0.6351
 158.000       0.6278
 159.000       0.6690
 160.000       0.5905
 161.000       0.5598
 162.000       0.5215
 163.000       0.5364
 164.000       0.5009
 165.000       0.5154
 166.000       0.5416
 167.000       0.5248
 168.000       0.6292
 169.000       0.5059
 170.000       0.4601
 171.000       0.4797
 172.000       0.5430
 173.000       0.7447
 174.000       1.0886
 175.000       1.1409
 176.000       1.0915
 177.000       0.6423
 178.000       0.4999
 179.000       0.4795
 180.000       0.4378
 181.000       0.4248
 182.000       0.4639
 183.000       0.5127
 184.000       0.7213
 185.000       0.6931
 186.000       0.6284
 187.000       0.8379
 188.000       1.2386
 189.000       1.0904
 190.000       1.2195
 191.000       1.2376
 192.000       0.9893
 193.000       1.0059
 194.000       0.7006
 195.000       0.6883
 196.000       0.8333
 197.000       1.2352
 198.000       1.6028
 199.000       2.3353
 200.000       2.3377
 201.000       1.6000
 202.000       1.1264
 203.000       0.8699
 204.000       0.6203
 205.000       0.6344
 206.000       0.5537
 207.000       0.4990
 208.000       0.5609
 209.000       0.5161
 210.000       0.6198
 211.000       0.6181
 212.000       0.6441
 213.000       0.7453
 214.000       0.8423
 215.000       0.9263
 216.000       0.8753
 217.000       0.7852
 218.000       0.6529
 219.000       0.6236
 220.000       0.5464
 221.000       0.4959
 222.000       0.4530
 223.000       0.4157
 224.000       0.3992
 225.000       0.4013
 226.000       0.3920
 227.000       0.4093
 228.000       0.4277
 229.000       0.4005
 230.000       0.4166
 231.000       0.4525
 232.000       0.4683
 233.000       0.4570
 234.000       0.4761
 235.000       0.5444
 236.000       0.5568
 237.000       0.5740
 238.000       0.6366
 239.000       0.6888
 240.000       0.6753
 241.000       0.5715
 242.000       0.7098
 243.000       1.1644
 244.000       1.6158
 245.000       1.1480
 246.000       1.1170
 247.000       0.9473
 248.000       1.1081
 249.000       1.2599
 250.000       1.1984
 251.000       0.8422
 252.000       0.9121
 253.000       1.0869
 254.000       0.9137
 255.000       0.8277
 256.000       1.1231
 257.000       1.1304
 258.000       0.9800
 259.000       0.8296
 260.000       0.7192
 261.000       0.6996
 262.000       0.7860
 263.000       0.9457
 264.000       1.1306
 265.000       1.8110
 266.000       1.5265
 267.000       0.9106
 268.000       1.0060
 269.000       0.9953
 270.000       0.9411
 271.000       0.7825
 272.000       0.6671
 273.000       0.6755
 274.000       0.6402
 275.000       0.5330
 276.000       0.5435
 277.000       0.5766
 278.000       0.4587
 279.000       0.5093
 280.000       0.5724
 281.000       0.6596
 282.000       0.6803
 283.000       0.6136
 284.000       0.7937
 285.000       0.7557
 286.000       0.5437
 287.000       0.5645
 288.000       0.5516
 289.000       0.5014
 290.000       0.6486
 291.000       0.6406
 292.000       0.5565
 293.000       0.6172
 294.000       0.7287
 295.000       0.6917
 296.000       0.5996
 297.000       0.7599
 298.000       0.8701
 299.000       0.8244
 300.000       0.9079
 301.000       1.2494
 302.000       1.8163
 303.000       2.9551
