#Res        AtomicFlx
   1.000       2.6713
   2.000       2.0680
   3.000       1.7098
   4.000       1.9257
   5.000       1.9876
   6.000       1.3170
   7.000       1.2968
   8.000       1.2007
   9.000       1.9937
  10.000       2.8344
  11.000       2.1151
  12.000       1.0906
  13.000       0.6916
  14.000       0.7352
  15.000       0.7578
  16.000       0.8669
  17.000       0.8292
  18.000       1.0812
  19.000       0.9606
  20.000       0.8207
  21.000       0.9012
  22.000       0.8610
  23.000       1.0248
  24.000       1.1799
  25.000       0.9912
  26.000       0.9182
  27.000       0.9799
  28.000       0.8909
  29.000       0.9846
  30.000       1.5966
  31.000       1.3370
  32.000       0.7718
  33.000       0.6714
  34.000       0.6273
  35.000       0.6544
  36.000       0.7312
  37.000       0.7054
  38.000       0.8003
  39.000       0.7529
  40.000       0.9371
  41.000       1.0439
  42.000       0.8744
  43.000       1.3643
  44.000       1.5184
  45.000       1.6294
  46.000       1.6014
  47.000       1.3066
  48.000       1.0808
  49.000       0.9163
  50.000       0.7753
  51.000       0.5876
  52.000       0.5476
  53.000       0.4626
  54.000       0.4570
  55.000       0.5691
  56.000       0.7520
  57.000       1.0793
  58.000       1.3151
  59.000       1.6842
  60.000       1.1814
  61.000       1.1838
  62.000       1.1825
  63.000       1.1666
  64.000       0.9246
  65.000       0.8492
  66.000       0.9493
  67.000       0.8625
  68.000       0.6612
  69.000       0.7137
  70.000       0.8038
  71.000       0.6538
  72.000       0.5784
  73.000       0.7113
  74.000       0.7375
  75.000       0.6341
  76.000       0.6704
  77.000       0.7441
  78.000       0.7836
  79.000       0.8054
  80.000       0.7643
  81.000       0.5813
  82.000       0.5439
  83.000       0.5124
  84.000       0.5076
  85.000       0.4984
  86.000       0.5090
  87.000       0.4557
  88.000       0.4793
  89.000       0.5289
  90.000       0.4749
  91.000       0.5814
  92.000       0.7533
  93.000       0.9483
  94.000       1.1760
  95.000       1.3519
  96.000       1.0187
  97.000       0.8647
  98.000       0.6705
  99.000       0.5496
 100.000       0.4187
 101.000       0.4059
 102.000       0.4410
 103.000       0.5940
 104.000       0.6371
 105.000       0.6553
 106.000       0.8256
 107.000       0.7030
 108.000       0.6925
 109.000       0.6351
 110.000       0.5595
 111.000       0.7225
 112.000       0.7166
 113.000       0.6156
 114.000       0.5671
 115.000       0.7060
 116.000       0.7896
 117.000       0.7617
 118.000       0.8439
 119.000       1.1182
 120.000       0.9318
 121.000       0.8308
 122.000       0.9053
 123.000       1.3024
 124.000       1.8986
 125.000       2.3532
 126.000       2.3774
 127.000       2.7397
 128.000       2.9029
 129.000       2.4410
 130.000       2.6645
 131.000       2.4466
 132.000       1.7404
 133.000       1.9857
 134.000       1.9438
 135.000       1.2530
 136.000       0.9314
 137.000       0.8595
 138.000       0.7762
 139.000       0.6835
 140.000       0.5789
 141.000       0.5070
 142.000       0.4803
 143.000       0.4967
 144.000       0.4840
 145.000       0.4990
 146.000       0.4647
 147.000       0.5025
 148.000       0.5088
 149.000       0.4918
 150.000       0.5291
 151.000       0.5429
 152.000       0.4943
 153.000       0.5153
 154.000       0.5399
 155.000       0.5712
 156.000       0.6654
 157.000       0.7272
 158.000       0.7222
 159.000       0.8312
 160.000       0.7296
 161.000       0.7265
 162.000       0.6363
 163.000       0.7343
 164.000       0.7517
 165.000       0.6877
 166.000       0.9591
 167.000       1.1399
 168.000       1.1074
 169.000       0.6892
 170.000       0.5587
 171.000       0.5740
 172.000       0.5736
 173.000       0.7194
 174.000       1.0438
 175.000       1.1006
 176.000       1.0497
 177.000       0.6490
 178.000       0.5288
 179.000       0.5234
 180.000       0.4801
 181.000       0.4881
 182.000       0.5452
 183.000       0.6426
 184.000       0.7882
 185.000       0.7713
 186.000       0.7689
 187.000       1.1278
 188.000       1.2014
 189.000       1.1647
 190.000       1.3320
 191.000       1.5000
 192.000       1.0987
 193.000       1.3360
 194.000       1.3542
 195.000       0.8960
 196.000       0.9043
 197.000       1.2688
 198.000       1.7499
 199.000       2.4916
 200.000       2.3898
 201.000       1.5584
 202.000       1.0852
 203.000       0.9331
 204.000       0.7171
 205.000       0.6589
 206.000       0.7027
 207.000       0.6208
 208.000       0.7018
 209.000       0.6524
 210.000       0.7539
 211.000       0.7530
 212.000       0.7179
 213.000       0.7861
 214.000       0.8815
 215.000       0.9993
 216.000       0.9592
 217.000       0.9228
 218.000       0.7832
 219.000       0.7506
 220.000       0.6464
 221.000       0.6093
 222.000       0.5393
 223.000       0.4889
 224.000       0.4624
 225.000       0.4632
 226.000       0.4430
 227.000       0.4432
 228.000       0.4711
 229.000       0.4635
 230.000       0.4847
 231.000       0.4890
 232.000       0.4928
 233.000       0.5104
 234.000       0.4629
 235.000       0.5090
 236.000       0.5470
 237.000       0.5661
 238.000       0.6561
 239.000       0.7100
 240.000       0.7142
 241.000       0.6280
 242.000       0.7701
 243.000       1.1175
 244.000       1.5788
 245.000       1.1882
 246.000       1.2118
 247.000       1.0249
 248.000       1.2813
 249.000       1.6414
 250.000       1.4369
 251.000       0.8852
 252.000       1.0513
 253.000       1.1163
 254.000       0.9171
 255.000       0.8334
 256.000       1.0304
 257.000       1.0680
 258.000       0.9746
 259.000       0.8483
 260.000       0.7313
 261.000       0.7464
 262.000       0.8435
 263.000       0.9634
 264.000       1.0092
 265.000       1.4276
 266.000       1.2862
 267.000       0.8683
 268.000       1.0095
 269.000       0.9943
 270.000       0.9491
 271.000       0.7813
 272.000       0.6710
 273.000       0.7030
 274.000       0.6708
 275.000       0.5763
 276.000       0.5984
 277.000       0.6173
 278.000       0.5056
 279.000       0.5519
 280.000       0.6461
 281.000       0.7592
 282.000       0.7987
 283.000       0.7293
 284.000       0.8982
 285.000       0.8403
 286.000       0.6328
 287.000       0.6462
 288.000       0.6642
 289.000       0.5383
 290.000       0.6942
 291.000       0.6861
 292.000       0.5894
 293.000       0.6089
 294.000       0.7370
 295.000       0.7188
 296.000       0.6185
 297.000       0.7826
 298.000       0.9377
 299.000       0.9245
 300.000       0.9727
 301.000       1.3726
 302.000       1.9639
 303.000       3.2567
