#Res        AtomicFlx
   1.000       4.9842
   2.000       3.7208
   3.000       2.4528
   4.000       2.3635
   5.000       2.2314
   6.000       1.6092
   7.000       1.2807
   8.000       0.9990
   9.000       1.0782
  10.000       0.9369
  11.000       1.0515
  12.000       0.9534
  13.000       0.6809
  14.000       0.6422
  15.000       0.6564
  16.000       0.7671
  17.000       0.7525
  18.000       0.9842
  19.000       0.8915
  20.000       0.7732
  21.000       0.8307
  22.000       0.8168
  23.000       1.0042
  24.000       1.1508
  25.000       0.9671
  26.000       0.9196
  27.000       0.9673
  28.000       0.9246
  29.000       1.0012
  30.000       1.3520
  31.000       1.0942
  32.000       0.8256
  33.000       0.7035
  34.000       0.6484
  35.000       0.6901
  36.000       0.7463
  37.000       0.6939
  38.000       0.7724
  39.000       0.7293
  40.000       0.9253
  41.000       1.0800
  42.000       1.0427
  43.000       1.4693
  44.000       1.6652
  45.000       1.7947
  46.000       1.7851
  47.000       1.3629
  48.000       1.0747
  49.000       1.1426
  50.000       0.8688
  51.000       0.6010
  52.000       0.5611
  53.000       0.4937
  54.000       0.4976
  55.000       0.6192
  56.000       0.7381
  57.000       1.0201
  58.000       1.2734
  59.000       1.6261
  60.000       1.1767
  61.000       1.1847
  62.000       1.1440
  63.000       1.1283
  64.000       0.9198
  65.000       0.8113
  66.000       0.8795
  67.000       0.8194
  68.000       0.6361
  69.000       0.6626
  70.000       0.7405
  71.000       0.6137
  72.000       0.5451
  73.000       0.6735
  74.000       0.6573
  75.000       0.5323
  76.000       0.6088
  77.000       0.6873
  78.000       0.6973
  79.000       0.7063
  80.000       0.7041
  81.000       0.5919
  82.000       0.5775
  83.000       0.5530
  84.000       0.5395
  85.000       0.5302
  86.000       0.5069
  87.000       0.4607
  88.000       0.4945
  89.000       0.5374
  90.000       0.4678
  91.000       0.5474
  92.000       0.6971
  93.000       0.8847
  94.000       1.1465
  95.000       1.3493
  96.000       0.9993
  97.000       0.8330
  98.000       0.6571
  99.000       0.5568
 100.000       0.4331
 101.000       0.4234
 102.000       0.4543
 103.000       0.6113
 104.000       0.6433
 105.000       0.6941
 106.000       0.9223
 107.000       0.7533
 108.000       0.7437
 109.000       0.6850
 110.000       0.5571
 111.000       0.7057
 112.000       0.7233
 113.000       0.6484
 114.000       0.5901
 115.000       0.7557
 116.000       0.8671
 117.000       0.8322
 118.000       0.8731
 119.000       1.1658
 120.000       1.0815
 121.000       0.9300
 122.000       1.0155
 123.000       1.5019
 124.000       1.8627
 125.000       2.4487
 126.000       2.9349
 127.000       3.5146
 128.000       3.7383
 129.000       3.2785
 130.000       3.6920
 131.000       3.5020
 132.000       2.4911
 133.000       2.7533
 134.000       2.5876
 135.000       1.5266
 136.000       1.0239
 137.000       0.8791
 138.000       0.8146
 139.000       0.7044
 140.000       0.6129
 141.000       0.5283
 142.000       0.4850
 143.000       0.5149
 144.000       0.4997
 145.000       0.4913
 146.000       0.4810
 147.000       0.5389
 148.000       0.5169
 149.000       0.4837
 150.000       0.5425
 151.000       0.5599
 152.000       0.4856
 153.000       0.5064
 154.000       0.5486
 155.000       0.5515
 156.000       0.5967
 157.000       0.6734
 158.000       0.6826
 159.000       0.7554
 160.000       0.6715
 161.000       0.6263
 162.000       0.5762
 163.000       0.6728
 164.000       0.7794
 165.000       0.7399
 166.000       0.9484
 167.000       0.9764
 168.000       0.8384
 169.000       0.6179
 170.000       0.6067
 171.000       0.5900
 172.000       0.6207
 173.000       0.7778
 174.000       1.0891
 175.000       1.1457
 176.000       1.1142
 177.000       0.7033
 178.000       0.5587
 179.000       0.5220
 180.000       0.4785
 181.000       0.4850
 182.000       0.5121
 183.000       0.6207
 184.000       0.8101
 185.000       0.7900
 186.000       0.7785
 187.000       0.9696
 188.000       1.1849
 189.000       1.3201
 190.000       1.5007
 191.000       1.5926
 192.000       1.3738
 193.000       1.2147
 194.000       1.0157
 195.000       0.8818
 196.000       0.9151
 197.000       1.2935
 198.000       1.6652
 199.000       2.3590
 200.000       2.4356
 201.000       1.6126
 202.000       1.1041
 203.000       0.8778
 204.000       0.6415
 205.000       0.6237
 206.000       0.6108
 207.000       0.5008
 208.000       0.6077
 209.000       0.5604
 210.000       0.7000
 211.000       0.6868
 212.000       0.6626
 213.000       0.8813
 214.000       0.9572
 215.000       1.0143
 216.000       0.9733
 217.000       0.8802
 218.000       0.7018
 219.000       0.6630
 220.000       0.5862
 221.000       0.5153
 222.000       0.4775
 223.000       0.4353
 224.000       0.4103
 225.000       0.4137
 226.000       0.4043
 227.000       0.4202
 228.000       0.4245
 229.000       0.3988
 230.000       0.4338
 231.000       0.4515
 232.000       0.4840
 233.000       0.4882
 234.000       0.4582
 235.000       0.5262
 236.000       0.5575
 237.000       0.5755
 238.000       0.6436
 239.000       0.6827
 240.000       0.6912
 241.000       0.5833
 242.000       0.7141
 243.000       1.1960
 244.000       1.7062
 245.000       1.2125
 246.000       1.1772
 247.000       1.0102
 248.000       1.3195
 249.000       1.5083
 250.000       1.3433
 251.000       0.9250
 252.000       1.0299
 253.000       1.1369
 254.000       0.9193
 255.000       0.8409
 256.000       1.0441
 257.000       1.0649
 258.000       0.9324
 259.000       0.8111
 260.000       0.6941
 261.000       0.6873
 262.000       0.7279
 263.000       0.7579
 264.000       0.8328
 265.000       1.3070
 266.000       1.1617
 267.000       0.8787
 268.000       0.9971
 269.000       0.9930
 270.000       0.9104
 271.000       0.7423
 272.000       0.6429
 273.000       0.6846
 274.000       0.6290
 275.000       0.5063
 276.000       0.5363
 277.000       0.5827
 278.000       0.4609
 279.000       0.5055
 280.000       0.5867
 281.000       0.6874
 282.000       0.7078
 283.000       0.6404
 284.000       0.8110
 285.000       0.7691
 286.000       0.5582
 287.000       0.5881
 288.000       0.5893
 289.000       0.5167
 290.000       0.6912
 291.000       0.6857
 292.000       0.5815
 293.000       0.6111
 294.000       0.7409
 295.000       0.7468
 296.000       0.6301
 297.000       0.8068
 298.000       0.9535
 299.000       0.9071
 300.000       0.9490
 301.000       1.3067
 302.000       2.0854
 303.000       3.5567
