| Run on Sun May 24 19:20:51 2026
| GB non-polar solvation energies calculated with gbsa=2
idecomp = 1: Per-residue decomp adding 1-4 interactions to Internal.
Energy Decomposition Analysis (All units kcal/mol): Generalized Born solvent
DELTAS:
Total Energy Decomposition:
Residue,Location,Internal,,,van der Waals,,,Electrostatic,,,Polar Solvation,,,Non-Polar Solv.,,,TOTAL,,
,,Avg.,Std. Dev.,Std. Err. of Mean,Avg.,Std. Dev.,Std. Err. of Mean,Avg.,Std. Dev.,Std. Err. of Mean,Avg.,Std. Dev.,Std. Err. of Mean,Avg.,Std. Dev.,Std. Err. of Mean
GLU   1,R GLU   1,0.0,0.0,0.0,-0.007305333333333345,0.007284465541288592,0.00013299553654442804,-0.04233166666666672,0.2234895292041418,0.004080341883710602,0.12843200000000088,0.24122813415796443,0.004404203019439987,-1.6643999999999917e-05,0.0003641512397672143,6.648461612132518e-06,0.07877835600000006,0.027680108087795415,0.0005053673197955579
HID   2,R HID   2,0.0,0.0,0.0,-0.054894333333333406,0.056159355123513215,0.001025324853869717,-0.015664333333333405,0.09099600171375051,0.0016613520927133301,0.0679453333333334,0.07733743171898642,0.0014119818630668132,-0.002706484799999999,0.00786302118029508,0.00014355846901961705,-0.005319818133333482,0.04696060572596279,0.0008573794356738696
CYS   3,R CYS   3,0.0,0.0,0.0,-0.018669333333333267,0.009030060514132117,0.00016486559464089527,-0.005215333333333362,0.029281148057334557,0.0005345981766883569,0.012173999999999977,0.025178424441043446,0.0004596930342932966,0.0,0.0,0.0,-0.011710666666666685,0.009199544529787844,0.0001679599352579353
GLU   4,R GLU   4,0.0,0.0,0.0,-0.005834999999999998,0.00372063278668202,6.792915018196831e-05,-0.6781213333333342,0.10696495662079328,0.0019529039867923347,0.6784519999999988,0.10523134686331906,0.0019212527477896785,0.0,0.0,0.0,-0.005504333333333399,0.007591441313888851,0.00013860012171978598
ARG   5,R ARG   5,0.0,0.0,0.0,-0.0019183333333333376,0.0007956112255505973,1.4525807174613089e-05,0.3285900000000008,0.08070660794919758,0.0014734943237833757,-0.3212310000000001,0.08098187228633234,0.0014785199400075561,0.0,0.0,0.0,0.005440666666666175,0.0032137951950231888,5.867560411719717e-05
LEU   6,R LEU   6,0.0,0.0,0.0,-0.004738999999999979,0.000936418175816622,1.709657860508675e-05,-0.044650333333333306,0.014157638688080083,0.00025848193568231025,0.052408000000000066,0.013094230383390451,0.00023906684513841565,0.0,0.0,0.0,0.003018666666666597,0.0038904564713610305,7.102969227854626e-05
PRO   7,R PRO   7,0.0,0.0,0.0,-0.0014256666666666667,0.0005031314164532,9.185880872698117e-06,-0.01446566666666664,0.017966194771168165,0.00032801633829000564,0.017044333333333297,0.016841289575194318,0.0003074784732603508,0.0,0.0,0.0,0.0011530000000000739,0.002241634299642543,4.0926455719717186e-05
TYR   8,R TYR   8,0.0,0.0,0.0,-0.004427000000000027,0.0007429699410698604,1.3564713209074882e-05,0.02730833333333319,0.015167374983460168,0.00027691711388602263,-0.029146666666666786,0.015848211956628118,0.00028934743949227685,0.0,0.0,0.0,-0.0062653333333333545,0.003473940829791141,6.342519186382742e-05
ASP   9,R ASP   9,0.0,0.0,0.0,-0.0012976666666666729,0.0004909798592836693,8.964024807012597e-06,-0.46950433333333397,0.06299697332323505,0.0011501621114562341,0.47353333333333386,0.06292916829437346,0.0011489241666622415,0.0,0.0,0.0,0.0027313333333338716,0.002732608928397271,4.9890385030773484e-05
ALA  10,R ALA  10,0.0,0.0,0.0,-0.000680000000000007,0.00046647615158760066,8.516650358757606e-06,-0.010244666666666858,0.007248963481461083,0.00013234736057758057,0.011922333333333318,0.007606815007317839,0.0001388808056758935,0.0,0.0,0.0,0.0009976666666665303,0.0013605126076429864,2.4839448165874638e-05
SER  11,R SER  11,0.0,0.0,0.0,-0.0004729999999999981,0.0004992704677827326,9.115389916691964e-06,0.010635333333333415,0.009424278127380325,0.0001720629906189583,-0.007801333333333302,0.009737138434308552,0.00017777501220071095,0.0,0.0,0.0,0.0023610000000001373,0.0012490045369547705,2.2803598643880756e-05
LYS  12,R LYS  12,0.0,0.0,0.0,-0.0020380000000000073,0.0005596629938333374,1.0218001544113119e-05,0.38159666666666703,0.08385444525418875,0.0015309657070933735,-0.355038,0.0805965004782038,0.0014714840455962708,0.0,0.0,0.0,0.024520666666666652,0.008776307474609987,0.00016023271918150293
TRP  13,R TRP  13,0.0,0.0,0.0,-0.01065866666666665,0.0014837424155004345,2.7089306349893025e-05,-0.07539599999999995,0.018329516742129445,0.00033464965959443,0.04052500000000033,0.018902258462944903,0.00034510644493159507,0.0,0.0,0.0,-0.045529666666666496,0.011545668158327938,0.00021079409639284462
GLU  14,R GLU  14,0.0,0.0,0.0,-0.002048666666666661,0.0003842285199661143,7.015020920742163e-06,-0.815402333333336,0.07533649709502853,0.0013754499620789848,0.798299,0.07396394346120092,0.0013503906758578824,0.0,0.0,0.0,-0.01915200000000017,0.007278797702917224,0.00013289205644681832
PHE  15,R PHE  15,0.0,0.0,0.0,-0.0037676666666666787,0.000557692766872533,1.0182030285785204e-05,-0.027832333333333348,0.0071130083571508676,0.00012986517096447644,0.022525333333333567,0.007039935479501005,0.0001285310488501216,0.0,0.0,0.0,-0.009074666666666769,0.0038192178373180913,6.972905871750714e-05
PRO  16,R PRO  16,0.0,0.0,0.0,-0.0010863333333333291,0.0003176159455834012,5.798847267312073e-06,-0.01895299999999996,0.009218502644138876,0.00016830606148719604,0.019953000000000054,0.009702892575584314,0.00017714977122323096,0.0,0.0,0.0,-8.633333333329673e-05,0.0023459638862429544,4.2831244652924984e-05
ARG  17,R ARG  17,0.0,0.0,0.0,-0.0024783333333333194,0.0005127025345060225,9.360624781300645e-06,0.7416176666666674,0.06960492909666867,0.0012708063259931038,-0.7084353333333331,0.06769534561712112,0.0012359422610868573,0.0,0.0,0.0,0.030704000000000207,0.006276494563050456,0.00011459258847470885
ASP  18,R ASP  18,0.0,0.0,0.0,-0.0006456666666666652,0.00047831080086299237,8.732720504367413e-06,-0.34462966666666656,0.06764863033761162,0.001235089360674607,0.34622833333333314,0.06737279023380684,0.0012300532324373253,0.0,0.0,0.0,0.0009529999999999366,0.0015477266123789535,2.8257492615033574e-05
ARG  19,R ARG  19,0.0,0.0,0.0,-0.0013406666666666504,0.00047393342242229143,8.652800873877123e-06,0.35031366666666647,0.06931030668826481,0.001265427281358794,-0.33708199999999994,0.06787285620432583,0.0012391831461804575,0.0,0.0,0.0,0.011890999999999869,0.004163866672536594,7.602145676640897e-05
LEU  20,R LEU  20,0.0,0.0,0.0,-0.007173666666666682,0.0012602274486066608,2.3008500039635018e-05,0.025638666666666657,0.0116129857582891,0.00021202314199337253,-0.009371333333333315,0.011546981346751388,0.00021081807182357057,0.0,0.0,0.0,0.009093666666666674,0.00337760663126347,6.16663780774012e-05
LYS  21,R LYS  21,0.0,0.0,0.0,-0.003358000000000009,0.0006031881961710314,1.1012659382124172e-05,0.16200733333333284,0.0991656859985123,0.0018105094383953134,-0.14675266666666636,0.1001736966118795,0.0018289131101001744,0.0,0.0,0.0,0.011896666666666687,0.0065293686950237025,0.00011920941735108504
LEU  22,R LEU  22,0.0,0.0,0.0,-0.008492999999999938,0.0015154595562626738,2.7668379465061193e-05,0.013707333333333405,0.013954199352006917,0.000254767658567272,0.0053720000000000035,0.014029811687973603,0.00025614814463509246,0.0,0.0,0.0,0.010586333333333359,0.003847321131500308,7.024215232296726e-05
GLY  23,R GLY  23,0.0,0.0,0.0,-0.005993000000000011,0.001037762496913273,1.8946864296409495e-05,-0.03771933333333326,0.02455134537159929,0.00044824418923749957,0.0686023333333333,0.025495310573166566,0.00046547855705077646,0.0,0.0,0.0,0.0248900000000001,0.005566138697517503,0.00010162332409442535
LYS  24,R LYS  24,0.0,0.0,0.0,-0.04643966666666704,0.02597929354740441,0.00047431483679872676,-0.5037616666666687,0.3473734506222678,0.006342142492807436,0.5812910000000022,0.37249650063546125,0.006800824532992652,-0.0020988551999999994,0.006815751945967005,0.00012443803623886203,0.0289908114666669,0.03818859678111237,0.0006972251965494807
PRO  25,R PRO  25,0.0,0.0,0.0,-0.038821000000000425,0.009063459181421662,0.00016547536808973173,0.09064000000000008,0.05750794495835569,0.0010499466229818967,-0.027693000000000023,0.06020103059195393,0.001099115414675725,0.0,0.0,0.0,0.024125999999999977,0.015252981916115231,0.0002784800754891561
LEU  26,R LEU  26,0.0,0.0,0.0,-1.3895316666666653,0.3430207160856224,0.0062626727963890185,0.14910699999999977,0.22777068340255435,0.004158504707931552,0.0008829999999999918,0.14644422366325452,0.002673693490556544,-0.22539059039999995,0.03273187685912348,0.0005975995768407759,-1.464932257066668,0.3099635906542471,0.005659135020220954
GLY  27,R GLY  27,0.0,0.0,0.0,-0.05880900000000016,0.017218435439956638,0.00031436418318035465,0.06315799999999999,0.04308573278166839,0.0007866342583719862,-0.04293533333333335,0.04017384495193631,0.0007334707033963521,0.0,0.0,0.0,-0.038586333333333334,0.018568859592219288,0.0003390194421934895
ARG  28,R ARG  28,0.0,0.0,0.0,-0.018611999999999976,0.0033918710667326085,6.192680984661867e-05,-0.05121599999999992,0.22248956532236125,0.004062085124552547,0.11076033333333347,0.22148857358011811,0.004043809599315782,0.0,0.0,0.0,0.04093233333333427,0.0136426202721062,0.00024907902888366107
GLY  29,R GLY  29,0.0,0.0,0.0,-0.0046573333333332885,0.000867897587404304,1.584556954085496e-05,0.04539333333333351,0.021409872073933644,0.00039088899627311234,-0.024583333333333415,0.023815549308988857,0.0004348104525303256,0.0,0.0,0.0,0.016152666666666676,0.012134360011508416,0.0002215420899730602
ALA  30,R ALA  30,0.0,0.0,0.0,-0.0022193333333333336,0.0006687497455865595,1.2209644032786651e-05,0.017710333333333363,0.014270076847102993,0.0002605347662163503,-0.004277333333333311,0.0149803344273603,0.0002735022361612157,0.0,0.0,0.0,0.01121366666666671,0.006407184500404331,0.00011697864936563066
PHE  31,R PHE  31,0.0,0.0,0.0,-0.005462999999999998,0.0016737077602339086,3.0557583165051994e-05,-0.024788333333333266,0.025279785017985314,0.0004615436167743899,0.05950999999999984,0.0287968846694689,0.0005257567773114272,0.0,0.0,0.0,0.029258666666666548,0.01145639958955534,0.00020916428276641284
GLY  32,R GLY  32,0.0,0.0,0.0,-0.010062999999999933,0.0019438015159303759,3.548879791959348e-05,0.13650566666666675,0.021193048417399996,0.0003869303560169713,-0.0747973333333332,0.02399039237324421,0.00043800263554085833,0.0,0.0,0.0,0.05164533333333343,0.018408735559209376,0.0003360959906975484
GLN  33,R GLN  33,0.0,0.0,0.0,-0.05782000000000005,0.011592940380535786,0.0002116571651410658,-0.17446066666666663,0.05156140468304631,0.0009413781480518992,0.2042246666666665,0.05665722247182709,0.0010344146264469434,0.0,0.0,0.0,-0.028056000000000126,0.022125223855741307,0.00040394947318803137
VAL  34,R VAL  34,0.0,0.0,0.0,-1.0917103333333324,0.3343055504971927,0.006103556370216494,0.0896253333333329,0.08963177054792393,0.0016364447532741706,-0.15543099999999985,0.0714373658458935,0.0013042618907514996,-0.10162825439999992,0.026155892191402977,0.00047753907216348804,-1.259144254400002,0.3644895954087683,0.00665463911271046
ILE  35,R ILE  35,0.0,0.0,0.0,-0.16173100000000015,0.04179373923208909,0.0007630457913301277,-0.1104149999999999,0.0614432429835315,0.0011217950062783742,0.11602133333333366,0.05637668736474374,0.001029292779569554,-7.29599999999999e-06,0.00018236637163687803,3.329539182529614e-06,-0.15613196266666632,0.0395483689007917,0.0007220511253166467
GLU  36,R GLU  36,0.0,0.0,0.0,-0.14494833333333354,0.038351310241270774,0.0007001959243007632,0.30233333333333395,0.38847936224320756,0.007092630327527516,-0.10952733333333316,0.38296985858709803,0.006992041013090571,-0.0005193983999999992,0.002203787444486751,4.023546984306858e-05,0.04733826826666675,0.07318278946021496,0.0013361288202837017
ALA  37,R ALA  37,0.0,0.0,0.0,-0.02230333333333339,0.0037144746899411777,6.781671923209302e-05,0.017107666666666736,0.024949644110131633,0.00045551609602816675,-0.014750666666666707,0.021437346684906676,0.00039139061174606595,0.0,0.0,0.0,-0.01994633333333337,0.00857936205216995,0.00015663700416590986
ASP  38,R ASP  38,0.0,0.0,0.0,-0.007124333333333293,0.0012410511225930468,2.26583898287107e-05,-0.1842866666666667,0.1696196701119565,0.0030968173172301132,0.20798733333333333,0.16861271948725795,0.0030784329981820694,0.0,0.0,0.0,0.01657633333333324,0.007038051805878074,0.00012849665783231306
ALA  39,R ALA  39,0.0,0.0,0.0,-0.003356333333333351,0.0006072011381924334,1.1085925344360247e-05,0.013758000000000124,0.008486701518650722,0.00015494526201927835,-0.009233666666666682,0.00828857043698646,0.0001513278999269312,0.0,0.0,0.0,0.0011680000000001793,0.0034874693785989976,6.367218824223984e-05
PHE  40,R PHE  40,0.0,0.0,0.0,-0.001371999999999988,0.00048540292541355255,8.862204390933346e-06,-0.025544333333333395,0.007058708655901525,0.0001288737985898079,0.029649333333333562,0.008391128225028216,0.00015320034039220797,0.0,0.0,0.0,0.00273299999999972,0.0030307937904118926,5.533447087183927e-05
GLY  41,R GLY  41,0.0,0.0,0.0,-0.0006453333333333312,0.0004784121886221086,8.734571583124842e-06,-0.00589700000000019,0.00606078028529898,0.00011065420261136158,0.013786000000000007,0.00630408893761286,0.00011509639052164471,0.0,0.0,0.0,0.00724366666666644,0.0019871990058596026,3.628112405870484e-05
ILE  42,R ILE  42,0.0,0.0,0.0,-0.006220666666666681,0.0009943035530239077,1.8153416166624274e-05,-0.0011166666666666601,0.011671349060365238,0.00021308870522929218,0.01760466666666666,0.011754277727231328,0.00021460276861283846,0.0,0.0,0.0,0.010267333333333196,0.006393684349071062,0.00011673217145179851
ASP  43,R ASP  43,0.0,0.0,0.0,-0.004485666666666653,0.002986937320325827,5.453376493988298e-05,-0.3543916666666677,0.11267373073268161,0.00205713146535176,0.3541183333333341,0.1119978794318064,0.0020447921652514745,0.0,0.0,0.0,-0.0047589999999997305,0.014889826023161069,0.00027184978634042523
LYS  44,R LYS  44,0.0,0.0,0.0,-0.0015596666666666528,0.000976954394477498,1.7836665316970868e-05,0.13994533333333328,0.07269263840460236,0.0013271799272922353,-0.12750633333333336,0.0698179200484298,0.0012746949909539058,0.0,0.0,0.0,0.01087933333333332,0.01223383721033146,0.0002233582868314871
THR  45,R THR  45,0.0,0.0,0.0,-0.00039933333333333644,0.0004897613931520346,8.941778760817517e-06,0.0071073333333333535,0.006015298237734192,0.00010982381783093635,-0.004825999999999981,0.005902970212810952,0.0001077729980612543,0.0,0.0,0.0,0.001882000000000046,0.001529076845681734,2.7916996017957715e-05
ALA  46,R ALA  46,0.0,0.0,0.0,-0.00024366666666666523,0.0004292938646454436,7.837797782162632e-06,0.012570000000000107,0.003338627462496816,6.09547190771913e-05,-0.011083333333333256,0.003322005752888221,6.06512495672937e-05,0.0,0.0,0.0,0.0012430000000000646,0.0008709866053317143,1.5901967034167643e-05
THR  47,R THR  47,0.0,0.0,0.0,-0.0007776666666666666,0.0004213880502444905,7.693458019400926e-06,-0.013760999999999968,0.006707797378176244,0.00012246706450670468,0.020493000000000098,0.00666822947515519,0.00012174465673877773,0.0,0.0,0.0,0.005954333333333342,0.0016620011699422924,3.0343851045912352e-05
CYS  48,R CYS  48,0.0,0.0,0.0,-0.0015193333333333244,0.0005009586365714907,9.146211520907931e-06,0.010714999999999981,0.006114499843268764,0.00011163498306733681,0.005154666666666646,0.005992835574435789,0.00010941370758459705,0.0,0.0,0.0,0.014350333333332983,0.00312830090553249,5.7114699087466073e-05
ARG  49,R ARG  49,0.0,0.0,0.0,-0.01333799999999988,0.003994966332774649,7.293777256447884e-05,0.33539633333333335,0.17899606118540282,0.0032680060138606673,-0.21775133333333319,0.15214955854319437,0.0027778581776186804,0.0,0.0,0.0,0.10430700000000062,0.051590568430673035,0.000941910602799784
THR  50,R THR  50,0.0,0.0,0.0,-0.0356893333333337,0.008575127961466223,0.00015655970059961136,-0.020634666666666676,0.027191160295622265,0.0004964403952883718,0.05313299999999999,0.0332539117147643,0.0006071305857153902,0.0,0.0,0.0,-0.003191000000000041,0.024772723958687588,0.0004522859907673956
VAL  51,R VAL  51,0.0,0.0,0.0,-0.098070666666667,0.015997927143498594,0.00029208085232727886,0.19466999999999984,0.04885330183313712,0.0008919351807539226,-0.1733129999999995,0.05725118657576819,0.0010452588777161728,0.0,0.0,0.0,-0.0767136666666666,0.04630106204565491,0.0008453378706283828
ALA  52,R ALA  52,0.0,0.0,0.0,-1.0649683333333335,0.18614796085522073,0.003398581239799768,-0.22049766666666637,0.17386352117265957,0.003174299082451423,0.3625123333333329,0.1675208002444934,0.0030584973715075325,-0.08350306560000016,0.019347448021462883,0.00035323445705046384,-1.006456732266665,0.19466941390602296,0.0035541609750879546
VAL  53,R VAL  53,0.0,0.0,0.0,-0.36018199999999895,0.13075078664900583,0.0023871718419735265,0.35519999999999946,0.09842316123081156,0.0017969528529027806,-0.23228733333333293,0.07417989466755068,0.001354333387425823,-0.0026191512000000063,0.0034799768366382024,6.353539376740713e-05,-0.23988848453333356,0.10372454369446872,0.0018937424116130253
LYS  54,R LYS  54,0.0,0.0,0.0,-1.719239666666666,0.1934335033714594,0.0035315964391266635,6.832307666666662,0.9752387449617591,0.017805341985619436,-3.9529426666666683,1.0041543321187747,0.018333265963932907,-0.08871351119999986,0.020794079679458555,0.00037964621676664145,1.0714118221333333,1.275704219895224,0.023291065931371497
MET  55,R MET  55,0.0,0.0,0.0,-0.041432333333333425,0.007221732563741107,0.00013185019431435397,-0.05037699999999976,0.04829581973973897,0.0008817569968219437,0.05306633333333335,0.04542950509550188,0.0008294254905700755,0.0,0.0,0.0,-0.03874299999999962,0.01995265106028104,0.0003642839022581765
LEU  56,R LEU  56,0.0,0.0,0.0,-0.011419999999999968,0.0016821414922651497,3.071156134096748e-05,0.013628000000000005,0.01771888679723791,0.0003235011330909223,-0.012238666666666679,0.0175088083990759,0.00031966564384032617,0.0,0.0,0.0,-0.010030666666666717,0.008608003614208083,0.0001571599251529255
LYS  57,R LYS  57,0.0,0.0,0.0,-0.004169999999999983,0.0009160240171524204,1.6724233913695994e-05,0.21769800000000028,0.10171245808323102,0.0018570069223828101,-0.20174933333333353,0.10612230286901074,0.0019375193045250796,0.0,0.0,0.0,0.011778666666666765,0.011135753748873435,0.0002033101174360233
GLU  58,R GLU  58,0.0,0.0,0.0,-0.001195666666666667,0.0004879015155632863,8.907822197165658e-06,-0.3539519999999998,0.0867516783468762,0.0015838617044005522,0.3566819999999987,0.0875714082487383,0.0015988278563442645,0.0,0.0,0.0,0.0015343333333334688,0.004276387247302014,7.807579199915788e-05
GLY  59,R GLY  59,0.0,0.0,0.0,-0.00037566666666666776,0.0004842945614212719,8.841968525583393e-06,0.010536333333333304,0.007825940617942033,0.00014288147367142565,-0.007777333333333304,0.008020458396431444,0.00014643286617524047,0.0,0.0,0.0,0.0023833333333332166,0.0011140267301800954,2.033925232611198e-05
ALA  60,R ALA  60,0.0,0.0,0.0,-0.001022333333333322,0.00033936394753839147,6.195909642359226e-06,0.027227333333333263,0.010906068015355479,0.00019911664885652645,-0.02089433333333344,0.011136419287883715,0.00020332226846031762,0.0,0.0,0.0,0.005310666666666584,0.0016044166818157987,2.9292506942270053e-05
THR  61,R THR  61,0.0,0.0,0.0,-0.0008966666666666672,0.00032555934772149857,5.943873285124429e-06,-0.06643666666666669,0.010347881694123531,0.0001889256075422077,0.06318166666666643,0.009927436588678831,0.0001812493652607177,0.0,0.0,0.0,-0.0041516666666668355,0.0032736316055550986,5.976806251081272e-05
HID  62,R HID  62,0.0,0.0,0.0,-0.0011136666666666634,0.0003569498875503172,6.516983510341373e-06,-0.055131999999999855,0.01878108736646188,0.0003428941735028822,0.06148066666666666,0.01855538447159951,0.00033877342127587096,0.0,0.0,0.0,0.005234999999999906,0.002473009300427382,4.5150765958804914e-05
SER  63,R SER  63,0.0,0.0,0.0,-0.001489333333333346,0.0005078249917266803,9.271573441119239e-06,-0.0737063333333334,0.021066104525727367,0.0003846126882500849,0.08772566666666669,0.020810632087680327,0.0003799484210121114,0.0,0.0,0.0,0.012530000000000228,0.00424465546304997,7.749645153166681e-05
GLU  64,R GLU  64,0.0,0.0,0.0,-0.004741000000000008,0.0007894633198150527,1.4413562286187318e-05,-0.8812166666666674,0.07988261631221981,0.0014584503635577644,0.8886950000000012,0.08055050160196477,0.001470644224858404,0.0,0.0,0.0,0.00273733333333323,0.007455490564379764,0.00013611801197925728
HID  65,R HID  65,0.0,0.0,0.0,-0.004190666666666659,0.0006337556486706894,1.157074215744185e-05,-0.1284743333333336,0.01943158960444247,0.00035477066515120096,0.1265009999999999,0.015760562563985517,0.00028774718784221084,0.0,0.0,0.0,-0.00616399999999986,0.0077742590643741175,0.00014193790191489037
ARG  66,R ARG  66,0.0,0.0,0.0,-0.005058333333333272,0.0009067876757483006,1.6555602162500815e-05,0.6262056666666662,0.06706083830787554,0.001224357795547667,-0.6075089999999989,0.06438463004217476,0.0011754971410241303,0.0,0.0,0.0,0.013638333333333284,0.011154260645850185,0.00020364800560080962
ALA  67,R ALA  67,0.0,0.0,0.0,-0.01680733333333338,0.0034788234920572823,6.351433667262225e-05,-0.22670199999999985,0.04309101061706533,0.0007867306180220429,0.23107399999999942,0.04642061888141244,0.0008475206698233275,0.0,0.0,0.0,-0.01243533333333345,0.014664963401098435,0.0002677443753256431
LEU  68,R LEU  68,0.0,0.0,0.0,-0.07426200000000033,0.014180527352673226,0.0002588998236126047,-0.2537533333333334,0.04506873072196125,0.0008228386818181422,0.2374906666666663,0.045346046276259905,0.0008279017479726896,0.0,0.0,0.0,-0.09052466666666646,0.023923462504876265,0.00043678066891832584
MET  69,R MET  69,0.0,0.0,0.0,-0.014644999999999948,0.002020472304520955,3.688860860001914e-05,-0.09981466666666673,0.037514063827968055,0.0006849099660755568,0.09672866666666703,0.033113739015028586,0.0006045713940623352,0.0,0.0,0.0,-0.01773100000000011,0.011351797464131686,0.00020725451797782887
SER  70,R SER  70,0.0,0.0,0.0,-0.03773866666666703,0.008288810020474671,0.00015133227410296117,0.1034709999999999,0.1046047632392204,0.0019098129482869393,-0.04869133333333338,0.09486909256912329,0.0017320647336718186,0.0,0.0,0.0,0.017040999999999876,0.026252504369424983,0.0004793029611379
GLU  71,R GLU  71,0.0,0.0,0.0,-0.42455400000000026,0.718613474512319,0.013120027003918696,-16.595211999999993,1.7689353471478642,0.032296193080037235,12.327634333333313,1.055914750641296,0.019278277590956013,-0.13327186319999978,0.024705522021299036,0.0004510590568668703,-4.825403529866653,1.2842601673635945,0.02344727544568002
LEU  72,R LEU  72,0.0,0.0,0.0,-0.07468033333333342,0.012203584714699402,0.00022280595435553697,-0.0017779999999999253,0.04565641301431067,0.0008335682434236797,-0.012464666666666646,0.0456223711741899,0.000832946727299242,0.0,0.0,0.0,-0.08892299999999978,0.024657691247695828,0.0004501857904120236
LYS  73,R LYS  73,0.0,0.0,0.0,-0.03017000000000004,0.004910441256478485,8.965198144924257e-05,1.0554679999999985,0.09377867726373307,0.0017121565650114483,-0.9806523333333313,0.08940489245315468,0.0016323025449305401,0.0,0.0,0.0,0.044645666666666535,0.01736237640864764,0.0003169921736970615
ILE  74,R ILE  74,0.0,0.0,0.0,-0.7368260000000011,0.2073722973880534,0.003786082836036883,0.39992166666666684,0.07330401669682174,0.0013383421166861533,-0.3839473333333333,0.06755151535103927,0.001233316291714024,-0.14146046159999975,0.032750937196983555,0.0005979475694074303,-0.8623121282666679,0.2298847921096766,0.004197102875528516
LEU  75,R LEU  75,0.0,0.0,0.0,-1.430637666666668,0.25456468015263456,0.004647693922122853,0.43497166666666603,0.07721503435572191,0.0014097472031721757,-0.3063520000000002,0.061028081754767496,0.0011142152339451872,-0.15506069280000004,0.025137251887729358,0.0004589413297532896,-1.4570786928000021,0.25369528331824187,0.004631820980202171
ILE  76,R ILE  76,0.0,0.0,0.0,-0.029691000000000016,0.00453477515061762,8.279328810690525e-05,0.1195250000000001,0.01747333325384686,0.0003190179592645689,-0.07729499999999993,0.017863444283414003,0.00032614037962541855,0.0,0.0,0.0,0.012539000000000139,0.007090026727734984,0.00012944558573649965
HIE  77,R HIE  77,0.0,0.0,0.0,-0.03436333333333334,0.006929934262955276,0.0001265227105949514,-0.02820700000000011,0.03824516724589744,0.0006982580272045251,0.07741399999999993,0.04148496841025634,0.0007574084331895542,0.0,0.0,0.0,0.014843666666666453,0.011911446590943073,0.00021747226634591773
ILE  78,R ILE  78,0.0,0.0,0.0,-0.5634093333333343,0.21480599723057742,0.003921803005685983,-0.034062999999999934,0.054112121540988205,0.0009879476534153484,0.08300233333333336,0.05223229200302109,0.0009536268186750448,-0.07224214079999998,0.028143200114398418,0.0005138221847679328,-0.5867121408000002,0.22433079163130037,0.004095701163981812
GLY  79,R GLY  79,0.0,0.0,0.0,-0.023256000000000162,0.007741132389169844,0.00014133309433940613,0.12308733333333309,0.09661045340035536,0.0017638574872725435,-0.08759766666666662,0.09152540882849004,0.0016710177000082158,-1.76352e-05,0.0003020650230016046,5.514927564376523e-06,0.012216031466666563,0.009200875401312503,0.00016798423353644185
HID  80,R HID  80,0.0,0.0,0.0,-0.017959333333333292,0.004160089689204671,7.595249880073514e-05,0.007885333333333376,0.04794347558902616,0.0008753241021769302,0.07542333333333331,0.055154058075741204,0.001006970724867781,0.0,0.0,0.0,0.06534933333333341,0.019866923085594335,0.0003627187307400052
HID  81,R HID  81,0.0,0.0,0.0,-0.03747400000000006,0.006571097625205942,0.00011997127989646407,0.0785233333333335,0.031025561325390343,0.0005664466599058723,-0.13735366666666668,0.048154638958486914,0.0008791794002026787,0.0,0.0,0.0,-0.09630433333333326,0.028294611640538384,0.0005165865683790376
LEU  82,R LEU  82,0.0,0.0,0.0,-0.014563333333333296,0.0018073891544317276,3.299826033574818e-05,0.012263000000000036,0.01865948814053225,0.0003406740855356547,-0.03138466666666684,0.031608301096740545,0.0005770859838366692,0.0,0.0,0.0,-0.0336850000000001,0.01937038396625078,0.00035365320819506465
ASN  83,R ASN  83,0.0,0.0,0.0,-0.045214999999999964,0.008297797398505488,0.000151496360425638,0.08497133333333332,0.028889187912126853,0.0005274419962492483,-0.020877666666666645,0.039908696227207933,0.0007286297721421035,0.0,0.0,0.0,0.01887866666666616,0.02402612352327281,0.00043865499410340053
VAL  84,R VAL  84,0.0,0.0,0.0,-0.5995903333333331,0.18959614932769678,0.0034615362600965817,-0.4658240000000005,0.07997737820158171,0.0014601804710376086,0.333089333333334,0.08316697673689274,0.0015184143066101182,-0.0507721824000001,0.014022452812862348,0.0002560137905718825,-0.783097182400001,0.20095960622538495,0.003669003649233298
VAL  85,R VAL  85,0.0,0.0,0.0,-1.725085999999999,0.2797817243328506,0.00510809205315981,-0.144692,0.22363802554425619,0.004083053043550188,0.3676526666666668,0.23422142093801515,0.0042762785232887904,-0.09040736880000023,0.02108968738533423,0.00038504325038932343,-1.5925327021333324,0.3025039779089248,0.005522941747858752
ASN  86,R ASN  86,0.0,0.0,0.0,-0.15133233333333315,0.03750262952410629,0.0006847012052037415,-0.06622799999999994,0.08501659455267145,0.0015521835532922993,0.26456133333333315,0.09083574317537164,0.0016584261854965664,-1.4975999999999985e-05,0.00018156209225496378,3.3148551171959225e-06,0.04698602399999991,0.03451755208217027,0.0006302013968421357
LEU  87,R LEU  87,0.0,0.0,0.0,-0.09749933333333363,0.01597397882668525,0.0002916436178828473,0.20177399999999981,0.027317910925492368,0.0004987545345936333,-0.15304999999999966,0.02855838755952624,0.0005214024357442477,0.0,0.0,0.0,-0.04877533333333352,0.01809304262846817,0.0003303322527171526
LEU  88,R LEU  88,0.0,0.0,0.0,-0.03388700000000018,0.004164320392730711,7.602974052591275e-05,0.14021266666666676,0.022103622015909718,0.0004035550793560522,-0.09602700000000035,0.021643342417468726,0.00039515156206186715,0.0,0.0,0.0,0.010298666666666597,0.007820494329360212,0.0001427820385010608
GLY  89,R GLY  89,0.0,0.0,0.0,-0.01095433333333325,0.001404130058869451,2.5635790230461838e-05,-0.1613873333333334,0.023095150419274745,0.00042165782845372243,0.15276133333333294,0.024727859556020554,0.0004514668825884046,0.0,0.0,0.0,-0.019580333333333397,0.006622905698323723,0.00012091716157338025
ALA  90,R ALA  90,0.0,0.0,0.0,-0.007742333333333243,0.0010142030806944977,1.851673017292029e-05,0.08527366666666678,0.009876543249313495,0.00018032018426081235,-0.06537733333333323,0.010168396443009391,0.00018564867018305126,0.0,0.0,0.0,0.012154000000000047,0.0050957777293234845,9.303574701276423e-05
CYS  91,R CYS  91,0.0,0.0,0.0,-0.004345333333333338,0.0006229592460362083,1.1373627715348067e-05,-0.049648333333333405,0.021575927880137524,0.000393920746635198,0.04374166666666706,0.019453078519577553,0.0003551629972697276,0.0,0.0,0.0,-0.010252000000000101,0.005659784683772919,0.00010333305806415569
THR  92,R THR  92,0.0,0.0,0.0,-0.002579333333333328,0.0005363825334798749,9.792960434623249e-06,0.03755799999999974,0.010106267164488206,0.0001845143499387988,-0.023108333333333557,0.010125607663520211,0.00018486745752523996,0.0,0.0,0.0,0.011870333333333295,0.005435211117232597,9.923292445703829e-05
LYS  93,R LYS  93,0.0,0.0,0.0,-0.0008943333333333352,0.0003242959896280614,5.920807627591687e-06,0.4523669999999997,0.051923844660552755,0.0009479953664326306,-0.4480050000000003,0.05110348626397722,0.0009330177397978576,0.0,0.0,0.0,0.0034676666666666332,0.0025724737553997944,4.696673014741648e-05
PRO  94,R PRO  94,0.0,0.0,0.0,-0.00041600000000000393,0.0004928934976239786,8.99896290320907e-06,-0.012182333333333446,0.00910584544247409,0.00016624923179995565,0.011473666666666642,0.008959127927550943,0.00016357054871647203,0.0,0.0,0.0,-0.0011246666666666597,0.000929403871067476,1.6968515507209322e-05
GLY  95,R GLY  95,0.0,0.0,0.0,-0.00021833333333333302,0.00041311486161706764,7.5424109516097684e-06,0.007400999999999925,0.007458073857683746,0.00013616517624643205,-0.005206333333333306,0.007475499529945978,0.0001364833240390226,0.0,0.0,0.0,0.001976333333333255,0.00089876204983416,1.6409074950791723e-05
GLY  96,R GLY  96,0.0,0.0,0.0,-0.0005116666666666668,0.0004998638703575955,9.126223915889765e-06,-0.007275666666666661,0.007098615444030098,0.00012960239352499453,0.016797333333333466,0.006891462802304925,0.00012582032103433907,0.0,0.0,0.0,0.00900999999999996,0.0017749835679990436,3.24066179798027e-05
PRO  97,R PRO  97,0.0,0.0,0.0,-0.002522333333333344,0.0005503040573679109,1.0047131523567394e-05,-0.004571999999999968,0.009962068861436319,0.0001818816611609493,0.005653333333333326,0.00898327087176792,0.0001640113365548796,0.0,0.0,0.0,-0.0014409999999998974,0.004208782761480363,7.684150860338932e-05
LEU  98,R LEU  98,0.0,0.0,0.0,-0.008762333333333318,0.00124706905270708,2.2768261697808886e-05,0.01060433333333323,0.024567996415843063,0.00044854819432211054,0.032329333333333515,0.026514917931022817,0.0004840939553739801,0.0,0.0,0.0,0.03417133333333318,0.01461298434802269,0.000266795371996065
MET  99,R MET  99,0.0,0.0,0.0,-0.019173666666666495,0.0030525682993553698,5.573201719607062e-05,0.14632300000000006,0.033958867339767794,0.0006200012556438758,-0.10707066666666691,0.035765127422608727,0.00065297890204698,0.0,0.0,0.0,0.020078666666666627,0.021102712579718703,0.0003852810568153323
VAL 100,R VAL 100,0.0,0.0,0.0,-0.20662033333333327,0.05764012653139712,0.0010523599172899403,-0.078586,0.12672861793612367,0.002313737424168957,0.14148166666666662,0.1280446940091189,0.0023377655759213673,-0.005218864799999967,0.005126697106711279,9.360025502807457e-05,-0.1489435314666665,0.05878310057657777,0.001073227672862886
ILE 101,R ILE 101,0.0,0.0,0.0,-0.09668566666666667,0.017411630056433956,0.00031789141816146086,-0.023301666666666696,0.05537769704994568,0.001011053795231418,-0.003263333333333336,0.05702808070493767,0.0010411855404439826,0.0,0.0,0.0,-0.12325066666666691,0.03028045298354803,0.0005528429050187955
VAL 102,R VAL 102,0.0,0.0,0.0,-1.1102080000000003,0.2992902238118343,0.005464266894083715,0.06745933333333351,0.07647192303642457,0.001396179908761623,-0.013963666666666605,0.07985792183552545,0.001457999506160055,-0.1384076663999999,0.022876506312048277,0.00041766595146727195,-1.1951199997333335,0.30953142800165157,0.005651244845776359
GLU 103,R GLU 103,0.0,0.0,0.0,-0.39378466666666606,0.2036566987969928,0.003718245597271606,-1.1319770000000022,0.3387658667442657,0.0061849902309541165,1.0836559999999993,0.39170484849012815,0.007151519380072887,-0.012635812799999991,0.006039329061397143,0.00011026255863745725,-0.45474147946666654,0.2525968138675328,0.004611765763639382
PHE 104,R PHE 104,0.0,0.0,0.0,-1.783449999999997,0.3098180673126442,0.00565647813965964,-0.4114469999999999,0.23453864185744133,0.004282070158398199,0.8534323333333333,0.1907052492405182,0.003481785561455892,-0.09417420959999986,0.027277438649766644,0.0004980156153146817,-1.435638876266665,0.36123882915331856,0.00659528851246758
CYS 105,R CYS 105,0.0,0.0,0.0,-1.3162386666666663,0.36839654681456563,0.0067259699599115175,-1.7620279999999982,0.7142740010313535,0.013040799420144687,1.6127306666666645,0.4110239191655781,0.007504235740038903,-0.067685976,0.017922708826569052,0.0003272223971969605,-1.5332219760000025,0.5252393977993293,0.009589515542170732
LYS 106,R LYS 106,0.0,0.0,0.0,-0.3464343333333335,0.12616536907787104,0.0023034539539971573,-0.056424666666666706,0.13736720736122654,0.002507970604441116,0.23644299999999976,0.22254302524305955,0.004063061164702177,-0.023827068000000128,0.012433990352945075,0.00022701256653698796,-0.19024306799999985,0.12844426673615353,0.0023450607424533912
PHE 107,R PHE 107,0.0,0.0,0.0,-0.25155599999999995,0.0891944254461367,0.0016284599606853955,0.07664366666666658,0.05617829379059336,0.001025670625042013,-0.013258000000000006,0.0676129482372522,0.0012344378976324062,-0.005595672000000022,0.009133801344680963,0.00016675963440842607,-0.19376600533333313,0.0995614983158571,0.0018177359495535846
GLY 108,R GLY 108,0.0,0.0,0.0,-0.5705873333333323,0.24439923698644656,0.004462099171150923,-0.38375933333333395,0.27511834195406626,0.0050229507290554,0.578728,0.21038044589742882,0.003841003862533898,-0.14043225359999975,0.021501090135034883,0.00039255440259701343,-0.5160509202666661,0.3106821200551505,0.0056722535122578025
ASN 109,R ASN 109,0.0,0.0,0.0,-0.16278666666666683,0.04955292613851154,0.0009047085145483378,-0.4251190000000006,0.188821466397051,0.003447392549562285,0.5384560000000007,0.18968933917680733,0.003463237666179527,-0.0077839919999999575,0.01161059897074466,0.0002119795654141038,-0.05723365866666677,0.054225304617644514,0.0009900140842224315
LEU 110,R LEU 110,0.0,0.0,0.0,-0.019835999999999826,0.003329830426114161,6.079410790165884e-05,-0.04033933333333328,0.01248212800589519,0.00022789143581652572,0.06953433333333335,0.015367655033289327,0.00028057371058967895,0.0,0.0,0.0,0.00935900000000019,0.007234324594136914,0.00013208009228410643
SER 111,R SER 111,0.0,0.0,0.0,-0.006630666666666669,0.0011016319207836417,2.011295510269816e-05,-0.09160333333333369,0.03109283929710443,0.0005676749819969056,0.12456100000000041,0.03851600029857552,0.0007032027396135175,0.0,0.0,0.0,0.026326999999999795,0.011023251380604563,0.0002012561146069028
THR 112,R THR 112,0.0,0.0,0.0,-0.01490300000000004,0.00375440954079332,6.854582652017045e-05,-0.0769106666666664,0.06514942839009083,0.0011894603845940075,0.11837500000000008,0.07233829581671576,0.001320710546343227,-4.1424000000000275e-06,0.0002268507743038156,4.141709542457103e-06,0.026557190933333245,0.014687326061282577,0.0002681526597732657
TYR 113,R TYR 113,0.0,0.0,0.0,-0.013197666666666568,0.002820979951876959,5.1503811797094944e-05,-0.04142400000000006,0.020086850358712594,0.00036673403502325417,0.056761000000000034,0.020983292059794847,0.0003831007463956226,0.0,0.0,0.0,0.0021393333333331256,0.004011888942741074,7.324673573816127e-05
LEU 114,R LEU 114,0.0,0.0,0.0,-0.0030393333333333336,0.0005666741175984698,1.0346006565433903e-05,-0.03630433333333331,0.009525634601199016,0.00017391349818761425,0.04907166666666713,0.01096250566957576,0.0002001470547334973,0.0,0.0,0.0,0.009727999999999945,0.0033134095229332525,6.049430459876578e-05
ARG 115,R ARG 115,0.0,0.0,0.0,-0.0029853333333333416,0.0008232769211445522,1.5030911359475769e-05,-0.6188989999999994,0.15376242323467706,0.0028073049234096366,0.6387036666666671,0.1595372407513526,0.0029127381840549416,0.0,0.0,0.0,0.01681933333333469,0.009769818808737054,0.00017837167147611782
SER 116,R SER 116,0.0,0.0,0.0,-0.0019193333333333315,0.000561687536704144,1.0254964470745686e-05,-0.033476666666666766,0.01669389475892967,0.00030478742440276824,0.04811233333333348,0.01732981192114319,0.0003163976302177355,0.0,0.0,0.0,0.012716333333333189,0.003434025803954082,6.26964465293488e-05
LYS 117,R LYS 117,0.0,0.0,0.0,-0.0017486666666666816,0.0005442103351543374,9.935875886382575e-06,-0.32404500000000036,0.083565756393788,0.0015256949937286414,0.3345843333333336,0.08371553154117636,0.0015284295012879172,0.0,0.0,0.0,0.008790666666666828,0.003181432521504736,5.808474524028945e-05
ARG 118,R ARG 118,0.0,0.0,0.0,-0.0007090000000000088,0.0004542235132619114,8.292948812093195e-06,-0.36837433333333397,0.078191722971303,0.0014275790160525842,0.3729559999999993,0.07956522312333766,0.0014526555832527896,0.0,0.0,0.0,0.0038726666666667976,0.003347205733477314,6.111133616120498e-05
ASN 119,R ASN 119,0.0,0.0,0.0,-0.00023800000000000494,0.0004258591316386316,7.775088423934683e-06,-0.008756666666666715,0.00948627722320797,0.0001731949340632825,0.009576,0.009545831062126864,0.0001742822334286794,0.0,0.0,0.0,0.0005813333333333616,0.0008398719479117361,1.5333893709568726e-05
GLU 120,R GLU 120,0.0,0.0,0.0,-0.0004463333333333363,0.0004971115457207643,9.075973572917445e-06,0.25341766666666665,0.05401331830720491,0.0009861437614187628,-0.24885599999999938,0.05340560454983604,0.0009750484769715243,0.0,0.0,0.0,0.0041153333333333675,0.0014744597504021942,2.6919828847623955e-05
PHE 121,R PHE 121,0.0,0.0,0.0,-0.0003590000000000112,0.0004797072023641266,8.758215191084256e-06,-0.008993000000000067,0.002874071038324032,5.2473117985412236e-05,0.008659333333333267,0.0029087132703121727,5.3105595715486625e-05,0.0,0.0,0.0,-0.0006926666666668029,0.0007815878425077387,1.4269776400442787e-05
VAL 122,R VAL 122,0.0,0.0,0.0,-0.00013600000000000596,0.000342788564570072,6.25843430899482e-06,0.005747000000000002,0.0020184955618809926,3.6852518382209485e-05,-0.005429666666666631,0.0020104029170514145,3.670476757810824e-05,0.0,0.0,0.0,0.00018133333333328745,0.0006979385518956796,1.2742556287525124e-05
PRO 123,R PRO 123,0.0,0.0,0.0,-0.00010166666666666865,0.0003022094564297404,5.517564545931449e-06,0.001169999999999978,0.0022804458628376714,4.163505467485082e-05,-0.0015860000000000065,0.0022612542242451787,4.128466489576432e-05,0.0,0.0,0.0,-0.0005176666666667037,0.0006784943297888739,1.238755498549052e-05
TYR 124,R TYR 124,0.0,0.0,0.0,-8.3333333333332e-05,0.0002763853991962786,5.046083923495733e-06,0.005792666666666643,0.0027766309721595616,5.069411391064302e-05,-0.005820333333333348,0.0027840114742739156,5.082886282710123e-05,0.0,0.0,0.0,-0.0001110000000000243,0.0006356196451757063,1.1604773921872136e-05
LYS 125,R LYS 125,0.0,0.0,0.0,-8.4666666666667e-05,0.0002783850251400438,5.082591931361492e-06,-0.19195833333333387,0.03380329269793215,0.0006171608642869034,0.19175366666666696,0.03377418619629363,0.0006166294547029876,0.0,0.0,0.0,-0.00028933333333341525,0.0006635406711138332,1.2114539779705435e-05
VAL 126,R VAL 126,0.0,0.0,0.0,-7.866666666666615e-05,0.00026921779700127784,4.915222009981551e-06,0.0021146666666666506,0.002039162791169097,3.722984863828369e-05,-0.0020919999999999953,0.002045532367543201,3.7346140660345314e-05,0.0,0.0,0.0,-5.600000000001604e-05,0.0006373361227275112,1.1636112371024627e-05
ALA 127,R ALA 127,0.0,0.0,0.0,-2.533333333333417e-05,0.00015713546880178635,2.8688880282295887e-06,0.0007813333333334095,0.0011674123331348355,2.1313935625589504e-05,-0.0007803333333333281,0.0011633628936072395,2.1240003313105588e-05,0.0,0.0,0.0,-2.433333333332873e-05,0.0005947614834724093,1.0858809361102486e-05
PRO 128,R PRO 128,0.0,0.0,0.0,-5.0666666666667304e-05,0.00021931610874615815,4.004145999484229e-06,0.004573000000000109,0.0022882317044681426,4.177720404452322e-05,-0.004550666666666653,0.0022860663935142696,4.173767105607491e-05,0.0,0.0,0.0,-2.8333333333219338e-05,0.0006166013478920493,1.1257548907618862e-05
GLU 129,R GLU 129,0.0,0.0,0.0,-0.00011000000000000173,0.0003128897569432451,5.712559263004134e-06,0.15008833333333396,0.03578285246532748,0.0006533025155713068,-0.149548,0.035517963004655005,0.0006484663178094504,0.0,0.0,0.0,0.00043033333333332045,0.0008539007878878198,1.55900241132531e-05
ASP 130,R ASP 130,0.0,0.0,0.0,-9.833333333333383e-05,0.0002977648214428457,5.436416984524819e-06,0.126763,0.026205307941967897,0.0004784412762061699,-0.1263636666666664,0.026076926197098636,0.000476097356951611,0.0,0.0,0.0,0.0003010000000001488,0.0007825592629316157,1.4287512029742076e-05
LEU 131,R LEU 131,0.0,0.0,0.0,-0.00010400000000000926,0.0003052605444534498,5.573269537115432e-06,0.003756000000000166,0.002878158670631886,5.2547747599472187e-05,-0.0035849999999999936,0.0027751471432460486,5.0667023025062706e-05,0.0,0.0,0.0,6.700000000013317e-05,0.000663207609526267,1.210845893488715e-05
TYR 132,R TYR 132,0.0,0.0,0.0,-0.0002786666666666611,0.00044834312256970105,8.185588057790961e-06,0.007555000000000088,0.003988939917655631,7.282774578109295e-05,-0.006612999999999973,0.003680384626638926,6.719432267684562e-05,0.0,0.0,0.0,0.0006633333333334704,0.001084430213932148,1.979889634035968e-05
LYS 133,R LYS 133,0.0,0.0,0.0,-0.0003933333333333277,0.0004979513586240619,9.091306388624778e-06,-0.14405666666666686,0.04316202175781703,0.000788027098142839,0.14605666666666672,0.04415228331833188,0.000806106717960314,0.0,0.0,0.0,0.00160666666666658,0.0023355132674045273,4.2640443330335155e-05
ASP 134,R ASP 134,0.0,0.0,0.0,-0.0002750000000000021,0.00044651427748730024,8.152198067597184e-06,0.17589099999999946,0.04114836309826562,0.0007512628891111081,-0.17326500000000022,0.040431334073955785,0.000738171790077761,0.0,0.0,0.0,0.0023510000000000323,0.0015707107732910437,2.8677124061596252e-05
PHE 135,R PHE 135,0.0,0.0,0.0,-0.00028899999999999613,0.0004532979152830922,8.276049782353846e-06,-0.00039566666666663274,0.0030857383593269837,5.6337616865412354e-05,0.001819333333333331,0.0028874486238815787,5.271735816457302e-05,0.0,0.0,0.0,0.0011346666666668525,0.0008898679053033267,1.62466908311501e-05
LEU 136,R LEU 136,0.0,0.0,0.0,-0.0007566666666666621,0.00043449843370129207,7.932819777962018e-06,-0.009350666666666693,0.005329824845985877,9.730884318993209e-05,0.01227700000000003,0.005694875269339194,0.00010397372157317949,0.0,0.0,0.0,0.002169666666666618,0.0010970626944510637,2.0029532824941508e-05
THR 137,R THR 137,0.0,0.0,0.0,-0.0002593333333333409,0.00043826881654478796,8.00165723575579e-06,0.017785333333333347,0.006179475562070001,0.00011282127196325516,-0.01691766666666691,0.006308900159474269,0.00011518423101306656,0.0,0.0,0.0,0.0006083333333333304,0.0011599988026813988,2.117858369691954e-05
LEU 138,R LEU 138,0.0,0.0,0.0,-0.00025466666666666617,0.0004356736801271761,7.954276743898152e-06,0.01596099999999988,0.003237614193610029,5.9110477544637035e-05,-0.015153666666666885,0.0033917625539255296,6.192482868287816e-05,0.0,0.0,0.0,0.0005526666666665064,0.0010471673961479982,1.9118573478473567e-05
GLU 139,R GLU 139,0.0,0.0,0.0,-0.00030933333333332786,0.00046221880340615543,8.438922170953234e-06,0.25702166666666626,0.04353292084413871,0.0007947987580140536,-0.25524299999999944,0.043194404934744635,0.0007886183313590699,0.0,0.0,0.0,0.0014693333333335374,0.0016179388808673781,2.953938739052422e-05
HID 140,R HID 140,0.0,0.0,0.0,-0.0009486666666666795,0.0003724221022203219,6.799466209985504e-06,0.013762333333333224,0.008977407637447045,0.0001639042890316302,-0.005187666666666674,0.00933554754092595,0.00017044299916090083,0.0,0.0,0.0,0.007625999999999777,0.002389586575121152,4.362768234351227e-05
LEU 141,R LEU 141,0.0,0.0,0.0,-0.0008663333333333322,0.00035468280038488943,6.475592350996865e-06,0.026287999999999874,0.004300975393250174,7.852470807192575e-05,-0.025106000000000378,0.0048968796867632286,8.940438219430173e-05,0.0,0.0,0.0,0.00031566666666651717,0.002283861033912349,4.169740688269549e-05
ILE 142,R ILE 142,0.0,0.0,0.0,-0.0005996666666666653,0.000489965871827368,8.94551201358448e-06,0.026420999999999934,0.0040642045962290315,7.420188452236054e-05,-0.02331666666666695,0.004986754678365484,9.104526753617315e-05,0.0,0.0,0.0,0.0025046666666667015,0.002480318169554498,4.528420704183073e-05
CYS 143,R CYS 143,0.0,0.0,0.0,-0.0010286666666666743,0.00028724824726273355,5.244411487654025e-06,0.02928333333333323,0.008529149364906936,0.00015572025011634634,-0.01770066666666687,0.009956558954890548,0.00018178106449078714,0.0,0.0,0.0,0.010553999999999775,0.004276262074912481,7.807350667444708e-05
TYR 144,R TYR 144,0.0,0.0,0.0,-0.004281333333333341,0.0006117065382098073,1.1168182318363576e-05,0.0480706666666667,0.007319221695113541,0.00013363009419316285,-0.051638666666666944,0.009974205309471854,0.00018210324137285102,0.0,0.0,0.0,-0.00784933333333332,0.006831834762508679,0.0001247316669524651
SER 145,R SER 145,0.0,0.0,0.0,-0.0015116666666666373,0.0004998638703576242,9.12622391589029e-06,0.04733933333333341,0.008023684911284124,0.00014649177400747175,-0.03931866666666714,0.010950728357306762,0.00019993203141361354,0.0,0.0,0.0,0.006509000000000077,0.005203388543375787,9.50004426890289e-05
PHE 146,R PHE 146,0.0,0.0,0.0,-0.0020306666666666516,0.00038780522029582164,7.080322235809393e-06,0.035787000000000034,0.005799623349839403,0.00010588615112469056,-0.026940666666666956,0.008769329861636895,0.00016010532598073949,0.0,0.0,0.0,0.006815666666666734,0.004784107846703349,8.734545950589638e-05
GLN 147,R GLN 147,0.0,0.0,0.0,-0.006271999999999982,0.0007788983673544524,1.4220673526799301e-05,0.07005033333333313,0.020715802339170284,0.000378217074599395,-0.040327666666666845,0.029959333012527723,0.0005469800832923545,0.0,0.0,0.0,0.023450666666666602,0.012617985822714277,0.00023037184884603304
VAL 148,R VAL 148,0.0,0.0,0.0,-0.013492333333333223,0.002060082819263694,3.761179434798545e-05,0.06969933333333335,0.011426880569760586,0.00020862534166584526,-0.05995700000000021,0.0146640996200451,0.0002677286049133879,0.0,0.0,0.0,-0.003749999999999756,0.010128351297224879,0.00018491754919422592
ALA 149,R ALA 149,0.0,0.0,0.0,-0.00346566666666669,0.0005945484748016135,1.085492037263785e-05,0.04080166666666663,0.010535985821090355,0.0001923599033255259,-0.0322316666666671,0.013884235564920022,0.0002534903004207393,0.0,0.0,0.0,0.00510433333333337,0.005915469653562535,0.00010800120558311569
LYS 150,R LYS 150,0.0,0.0,0.0,-0.006448666666666658,0.0009398749325785037,1.7159690060229786e-05,-0.5051963333333332,0.0677724854683306,0.0012373506356398581,0.5637039999999992,0.07445648203705678,0.0013593831588058066,0.0,0.0,0.0,0.05205899999999998,0.013777960141714611,0.0002515499855341389
GLY 151,R GLY 151,0.0,0.0,0.0,-0.025772000000000076,0.005277248272852149,9.634893068654331e-05,0.03325333333333321,0.03759596373134862,0.0006864052468935244,0.011810666666666674,0.03696732998503168,0.0006749280174512989,0.0,0.0,0.0,0.0192919999999998,0.012387819393797047,0.0002261696040094205
MET 152,R MET 152,0.0,0.0,0.0,-0.054049999999999994,0.01243262509153398,0.0002269876403879297,0.14988199999999954,0.024479448713837344,0.0004469315418619846,-0.15000933333333294,0.027308922465420292,0.0004985904285156762,0.0,0.0,0.0,-0.054177333333333466,0.015051773524146697,0.0002748065296544725
GLU 153,R GLU 153,0.0,0.0,0.0,-0.006722333333333268,0.0009643138608474408,1.7605881803368038e-05,0.5617409999999995,0.05584871158466079,0.0010196533047506268,-0.5538163333333347,0.0555129408326358,0.001013522997582808,0.0,0.0,0.0,0.0012023333333333166,0.005823749756146825,0.00010632663702356088
PHE 154,R PHE 154,0.0,0.0,0.0,-0.04765399999999991,0.01908740293142743,0.00034848670499110126,-0.11604766666666656,0.022254858523228685,0.00040631626757528196,0.13205866666666666,0.023556100941274707,0.0004300735950801611,-2.0282400000000014e-05,0.00047871204966058674,8.740046271621222e-06,-0.031663282399999895,0.025582372701922956,0.00046706808677825294
LEU 155,R LEU 155,0.0,0.0,0.0,-0.6243293333333331,0.15663420296843253,0.0028597362080884383,-0.19177199999999972,0.03804276561976058,0.0006945626959941624,0.2023280000000005,0.03297733185082577,0.0006020809513676954,-0.07175489999999979,0.02079751950696271,0.00037970901913723985,-0.6855282333333339,0.15868568899262453,0.002897191047150323
ALA 156,R ALA 156,0.0,0.0,0.0,-0.008246666666666567,0.0014632687912879616,2.6715510822724514e-05,-0.03495899999999999,0.008294173798516772,0.0001514302028438648,0.03823666666666719,0.009751546316123976,0.00017803806292991683,0.0,0.0,0.0,-0.004968999999999999,0.004037743470471461,7.37187726732138e-05
SER 157,R SER 157,0.0,0.0,0.0,-0.004453666666666647,0.0007468957237939537,1.3636387867536549e-05,-0.08260033333333348,0.01611038794967033,0.00029413409633979474,0.11003666666666694,0.02064570953544828,0.0003769373609421509,0.0,0.0,0.0,0.022982666666666606,0.006406639750203634,0.00011696870363319309
ARG 158,R ARG 158,0.0,0.0,0.0,-0.026758333333333294,0.005389365815092479,9.839590758577889e-05,-0.4191873333333346,0.11717653735377384,0.002139341090633621,0.4868216666666658,0.12142605375518084,0.002216926290351581,0.0,0.0,0.0,0.040876000000000884,0.013324537165195417,0.00024327165245644899
LYS 159,R LYS 159,0.0,0.0,0.0,-0.009885999999999909,0.0019220659024430443,3.509196172598598e-05,-0.2921230000000005,0.07801741603214409,0.0014243966213023501,0.31706866666666667,0.08012489387339208,0.0014628737264054776,0.0,0.0,0.0,0.015059666666666556,0.006276897313871564,0.00011459994166503468
CYS 160,R CYS 160,0.0,0.0,0.0,-0.14457233333333333,0.06192573590914365,0.0011306040815848555,-0.06050366666666658,0.09309244143979807,0.0016996276703268702,0.11722900000000014,0.08541433852501931,0.0015594453314845204,-0.012132086399999908,0.013189595076467539,0.00024080795825801157,-0.09997908640000025,0.060404658937200296,0.0011028331426103544
ILE 161,R ILE 161,0.0,0.0,0.0,-0.15957966666666676,0.0654766598610187,0.0011954347865324338,0.06343200000000042,0.11993242003728602,0.0021896563943535376,0.09259366666666674,0.0832252239001026,0.0015194777494501423,-0.028306864800000085,0.016201436918543834,0.00029579641547611486,-0.031860864799999784,0.03181828174326575,0.0005809196883947151
HIE 162,R HIE 162,0.0,0.0,0.0,-0.641516333333331,0.19429804356510255,0.0035473807113242718,-0.6321086666666659,0.11670472508953414,0.0021307270166325653,0.8483660000000011,0.158427436735758,0.0028924760275965754,-0.08321861279999992,0.023184821141224415,0.0004232949843590427,-0.5084776127999995,0.17876450498347607,0.0032637783953564843
ARG 163,R ARG 163,0.0,0.0,0.0,-0.0753429999999998,0.04432449305218755,0.000809250823155471,0.42630999999999936,0.33042953141832804,0.006032790267456008,-0.2949993333333339,0.3005100674956195,0.005486538090825026,-0.0031893792000000005,0.009779716091349854,0.00017855237030761894,0.05277828746666688,0.05608997074636468,0.0010240580742529603
ASP 164,R ASP 164,0.0,0.0,0.0,-0.042906666666667176,0.00709562932765628,0.00012954787474841865,0.1677843333333332,0.24133656268350492,0.004406182644417171,-0.23045666666666678,0.23917285267261268,0.004366678885054991,0.0,0.0,0.0,-0.10557899999999958,0.04221156743911189,0.0007706742558017387
LEU 165,R LEU 165,0.0,0.0,0.0,-0.034724666666666765,0.0077197274275420166,0.000140942294995203,-0.06724399999999976,0.024706688649028245,0.0004510803564776536,0.09644033333333342,0.03521660271172483,0.0006429642567969764,0.0,0.0,0.0,-0.0055283333333332385,0.01533285787306303,0.0002799384042699101
ALA 166,R ALA 166,0.0,0.0,0.0,-0.010404666666666585,0.0012760269937927297,2.3296958949526088e-05,0.07689799999999976,0.018434720755501836,0.0003365704133032344,-0.08359733333333332,0.019088090341593714,0.0003484992553262456,0.0,0.0,0.0,-0.017104000000000032,0.01283987995790193,0.000234423062953379
ALA 167,R ALA 167,0.0,0.0,0.0,-0.009056333333333277,0.0010855842768862276,1.981996655078403e-05,0.06896433333333322,0.022935875709367663,0.0004187498834051824,-0.05107366666666688,0.02591543117955397,0.0004731488748171475,0.0,0.0,0.0,0.00883433333333322,0.010248360253664487,0.00018710860294571352
ARG 168,R ARG 168,0.0,0.0,0.0,-0.04321566666666674,0.0065573232258945985,0.00011971979492250052,-0.4137216666666665,0.14405963185623977,0.002630156999785078,0.6163930000000002,0.1425960654588116,0.0026034360554424785,0.0,0.0,0.0,0.15945566666666655,0.02942375516294636,0.0005372018143084939
ASN 169,R ASN 169,0.0,0.0,0.0,-0.13285433333333332,0.020489081187032514,0.0003740777316230811,0.15635233333333343,0.05478768287266285,0.0010002816594265626,-0.1259046666666667,0.0809587687955348,0.0014780981299053254,0.0,0.0,0.0,-0.10240666666666688,0.06569453520313165,0.0011994126278524143
ILE 170,R ILE 170,0.0,0.0,0.0,-0.06907300000000023,0.008893162410897446,0.00016236618866685191,0.007298666666666657,0.03273085391831749,0.0005975809005822947,0.004515999999999993,0.03921869125812338,0.0007160320625968279,0.0,0.0,0.0,-0.05725833333333357,0.02223832121711415,0.0004060143390553054
LEU 171,R LEU 171,0.0,0.0,0.0,-1.2685063333333373,0.24755365470920138,0.004519690695902486,-0.07761266666666668,0.07744114737155042,0.0014138754431493356,0.10294766666666672,0.07245838066013369,0.001322902985595043,-0.13446191040000005,0.027259205686462954,0.0004976827284716286,-1.3776332437333336,0.24137661619107056,0.004406913918070535
LEU 172,R LEU 172,0.0,0.0,0.0,-0.07935866666666669,0.013087246650416077,0.00023893934020222706,-0.03792266666666658,0.05181432896624476,0.0009459958925601863,0.1062626666666668,0.06410063187069354,0.0011703120675304473,0.0,0.0,0.0,-0.011018666666666562,0.03271373286896809,0.0005972683144177338
SER 173,R SER 173,0.0,0.0,0.0,-0.04387900000000036,0.007636689444164835,0.0001394262357743556,0.02996933333333327,0.035171679794339175,0.0006421440802902742,0.025447666666666688,0.04549439446666891,0.0008306102029810924,0.0,0.0,0.0,0.011537999999999975,0.0343254311359186,0.0006266937643077598
GLU 174,R GLU 174,0.0,0.0,0.0,-0.012411333333333337,0.0027475088514663064,5.016241916310689e-05,0.05526233333333327,0.09992058937587539,0.0018242920253459332,-0.030151333333333346,0.10364095923695203,0.0018922163751850679,0.0,0.0,0.0,0.012699666666666377,0.01156535630906183,0.00021115355120192848
LYS 175,R LYS 175,0.0,0.0,0.0,-0.0030290000000000143,0.0006144040472958797,1.121743187088081e-05,-0.09885833333333356,0.06113170151856957,0.0011161070633464458,0.11416599999999977,0.06073344309905934,0.0011088358926770422,0.0,0.0,0.0,0.012278666666666865,0.004103861379508738,7.49259150143735e-05
ASN 176,R ASN 176,0.0,0.0,0.0,-0.004127333333333341,0.0009952149963140704,1.8170056768287903e-05,0.025578333333333286,0.020526970808074956,0.00037476949829442336,0.007080333333333304,0.024613489795006403,0.00044937878598827377,0.0,0.0,0.0,0.028531333333333287,0.008415522456878557,0.00015364571609412274
VAL 177,R VAL 177,0.0,0.0,0.0,-0.011562333333333273,0.00138640346059675,2.5312148305735488e-05,0.00227633333333336,0.01975734394823588,0.00036071809856123236,0.025839000000000112,0.024110310636737887,0.0004401920334732695,0.0,0.0,0.0,0.016552999999999977,0.012974739213820695,0.00023688524483854797
VAL 178,R VAL 178,0.0,0.0,0.0,-0.01761133333333319,0.0016230439167087588,2.9632592166764104e-05,-0.03132233333333341,0.021215382027094273,0.00038733811007764035,0.06814400000000019,0.029991486525344918,0.0005475671234347882,0.0,0.0,0.0,0.01921033333333328,0.02173088646501912,0.000396749890382489
LYS 179,R LYS 179,0.0,0.0,0.0,-0.12919333333333308,0.014239778400272669,0.00025998159479013897,-0.5909299999999992,0.21013246084315979,0.003836476295595655,1.070393333333331,0.24355321928118137,0.00444665307177684,0.0,0.0,0.0,0.3502700000000001,0.07875292015749609,0.0014378250279887968
ILE 180,R ILE 180,0.0,0.0,0.0,-0.7628550000000013,0.173469263295635,0.0031671009513607414,0.19031666666666652,0.16367454410777763,0.002988274663240136,-0.01575133333333331,0.14226644309729375,0.002597418002013764,-0.03350317200000003,0.011346139645374372,0.00020715122081250696,-0.6217928386666669,0.22897194122984368,0.004180436574911086
CYS 181,R CYS 181,0.0,0.0,0.0,-1.8299716666666657,0.30849363072391406,0.005632297346471883,-1.7428423333333374,0.3362622778048799,0.006139281159726715,1.0222070000000005,0.19753487662772695,0.0036064769274335353,-0.11099120640000014,0.020544103293539236,0.00037508229325292053,-2.661598206400005,0.4004323488619161,0.007310861007548319
ASP 182,R ASP 182,0.0,0.0,0.0,-2.2220080000000024,0.5577027654608402,0.010182212834197173,-3.4145673333333404,0.827946778562976,0.015116170901089222,3.4162,0.966463610627259,0.01764513068494798,-0.25403504399999993,0.02657627253547374,0.0004852141320694661,-2.474410377333332,0.7543013495940182,0.013771595477641134
PHE 183,R PHE 183,0.0,0.0,0.0,-1.8181619999999996,0.4174936651287785,0.007622356600217998,-0.7896773333333323,0.18830474207046166,0.0034379584972394637,0.7427809999999995,0.17937281949151448,0.003274884647960161,-0.1394432423999996,0.030096541053874767,0.0005494851479362504,-2.00450157573333,0.4771969089044431,0.008712383712623378
GLY 184,R GLY 184,0.0,0.0,0.0,-0.08163300000000007,0.019106743425642173,0.00034883981248959165,0.20244233333333322,0.05242625939884969,0.0009571681626122402,-0.08797833333333334,0.04314740467925632,0.000787760228021088,-1.0512000000000019e-05,0.00016238126867345264,2.9646627922918997e-06,0.032820487999999724,0.02681547986307712,0.0004895814403777627
LEU 185,R LEU 185,0.0,0.0,0.0,-0.04766333333333346,0.012037053441583272,0.00021976552319501172,0.24608233333333362,0.04587449786706386,0.0008375499098671168,-0.14717933333333275,0.03505266285019035,0.0006399711381224193,0.0,0.0,0.0,0.05123966666666686,0.031573526250466395,0.0005764510849120651
ALA 186,R ALA 186,0.0,0.0,0.0,-0.08738800000000023,0.02050601836859631,0.0003743869608365162,0.19284899999999935,0.038265165172345184,0.0006986231377184837,-0.07051433333333333,0.04018905897408172,0.0007337484721669995,-7.0992e-06,0.00016414102058705496,2.996791319581662e-06,0.034939567466666814,0.029637780291077404,0.0005411093606601707
ARG 187,R ARG 187,0.0,0.0,0.0,-0.048222333333333346,0.010459201748804456,0.00019095802437725607,-0.2905596666666662,0.345819436180053,0.006313770200651107,0.5179850000000005,0.3542767610804675,0.006468179121454679,0.0,0.0,0.0,0.179203,0.043943613009552705,0.0008022969367869832
ASP 188,R ASP 188,0.0,0.0,0.0,-0.004654999999999995,0.00116846409158901,2.1333138019936104e-05,0.15874266666666662,0.1775761989857378,0.003242082995350486,-0.15099399999999993,0.17166768468177135,0.003134208776496341,0.0,0.0,0.0,0.003093666666666702,0.009646254535080626,0.00017611570681000556
ILE 189,R ILE 189,0.0,0.0,0.0,-0.005568666666666675,0.001950543058284522,3.561188108025156e-05,0.043253666666666885,0.009399821978219366,0.00017161648446678603,-0.03632366666666718,0.010224296547383984,0.00018666926178747986,0.0,0.0,0.0,0.0013613333333335012,0.0072000072839469515,0.0001314535467873083
TYR 190,R TYR 190,0.0,0.0,0.0,-0.0016720000000000179,0.0006200129030915744,1.1319835098917328e-05,0.011356666666666754,0.011336112894442958,0.00020696815822371958,-0.011882666666666599,0.011693797482236524,0.00021349855546393535,0.0,0.0,0.0,-0.0021980000000000246,0.002741312824177632,5.0049295699342746e-05
LYS 191,R LYS 191,0.0,0.0,0.0,-0.001414666666666673,0.0005410344002207978,9.877891512906965e-06,-0.12897200000000025,0.11297117574555554,0.0020625620434573757,0.14272600000000002,0.1148220431392279,0.002096354104206214,0.0,0.0,0.0,0.012339333333333596,0.005256315524099218,9.596675273045771e-05
ASP 192,R ASP 192,0.0,0.0,0.0,-0.002728999999999999,0.0005985195624764111,1.0927422182548431e-05,0.2468760000000003,0.11613375603443804,0.0021203025955954472,-0.24285366666666702,0.1147980150230044,0.0020959154128305482,0.0,0.0,0.0,0.001293333333333346,0.007105862993957181,0.00012973471507771812
PRO 193,R PRO 193,0.0,0.0,0.0,-0.0011316666666666658,0.0004362689028060227,7.965143973496249e-06,-0.01839966666666673,0.006058102003836496,0.00011060530410561657,0.01600900000000006,0.006021980764942106,0.00010994582352736688,0.0,0.0,0.0,-0.003522333333333549,0.0019089703740207736,3.485287118200839e-05
ASP 194,R ASP 194,0.0,0.0,0.0,-0.0021193333333333147,0.0004910121066620438,8.9646135608978e-06,0.42430266666666666,0.11031134903636064,0.002014000473868016,-0.3968096666666664,0.1091161007362757,0.001992178325342142,0.0,0.0,0.0,0.02537366666666649,0.003103982370368269,5.6670705411635196e-05
TYR 195,R TYR 195,0.0,0.0,0.0,-0.006016999999999991,0.0009327616701676607,1.702982025090071e-05,-0.0292013333333334,0.015508453551388184,0.00028314432807054706,0.02224433333333345,0.016421022132890428,0.0002998054746491894,0.0,0.0,0.0,-0.012974000000000182,0.005593268930896674,0.00010211865212149709
VAL 196,R VAL 196,0.0,0.0,0.0,-0.0005099999999999962,0.0004998999899979864,9.126883367283468e-06,-0.007964999999999956,0.004640593532441076,8.47252585976853e-05,0.007775333333333327,0.00452683018850453,8.264823360797647e-05,0.0,0.0,0.0,-0.0006996666666667418,0.001325191768093406,2.419458081349711e-05
ARG 197,R ARG 197,0.0,0.0,0.0,-0.0003563333333333312,0.00047891532538527857,8.743757561614786e-06,0.027191666666666503,0.052883232350990905,0.0009655113090808225,-0.026849666666666758,0.052374552343884134,0.0009562241252660137,0.0,0.0,0.0,-1.4333333333704937e-05,0.0011855214980008182,2.164456222874546e-05
LYS 198,R LYS 198,0.0,0.0,0.0,-0.00029900000000000076,0.0004578198335590152,8.358608337117777e-06,-0.03466066666666683,0.0459888629948119,0.0008396379218757688,0.03534166666666662,0.04568394609220611,0.0008340709263517089,0.0,0.0,0.0,0.00038199999999982145,0.001091211559078438,1.9922706197254723e-05
GLY 199,R GLY 199,0.0,0.0,0.0,-9.666666666666568e-05,0.00029550333707459243,5.3951281177935645e-06,0.002352333333333294,0.0029401011131518343,5.3678656700643615e-05,-0.0023403333333333253,0.002906287417919238,5.3061305912927015e-05,0.0,0.0,0.0,-8.466666666669927e-05,0.0006487153116395771,1.1843866986133e-05
ASP 200,R ASP 200,0.0,0.0,0.0,-0.00023400000000000043,0.00042337217669563635,7.7296830465421e-06,-0.11403199999999973,0.06090017221650623,0.0011118799359643285,0.11515466666666659,0.06139693867142109,0.001120949609069953,0.0,0.0,0.0,0.0008886666666666229,0.0012185804127017553,2.2248132672356873e-05
ALA 201,R ALA 201,0.0,0.0,0.0,-0.0003563333333333379,0.0004789153253852874,8.743757561614946e-06,0.014997666666666751,0.004178396170249362,7.628672788795908e-05,-0.012409000000000106,0.0040422418284899436,7.380090107849569e-05,0.0,0.0,0.0,0.002232333333333439,0.001043881166076129,1.9058575400489746e-05
ARG 202,R ARG 202,0.0,0.0,0.0,-0.0012613333333333454,0.0004586627906813243,8.37399855814772e-06,-0.04918299999999999,0.07092200536034883,0.001294852738645512,0.06587099999999993,0.07177785888187721,0.001310478414634223,0.0,0.0,0.0,0.015426666666666592,0.005505145068226685,0.00010050973787353573
LEU 203,R LEU 203,0.0,0.0,0.0,-0.001354666666666675,0.0005055144794057847,9.2293894505343e-06,0.0052443333333333396,0.005284124136400478,9.647446620546823e-05,0.00906733333333341,0.006314438446044505,0.00011528534582921476,0.0,0.0,0.0,0.012957000000000109,0.0035299411232106847,6.444761266158715e-05
PRO 204,R PRO 204,0.0,0.0,0.0,-0.0024446666666666835,0.0005393868947445728,9.847812315808908e-06,0.010747333333333269,0.004333761978799752,7.912330648822833e-05,-0.02092433333333363,0.005356112510226446,9.77887880795548e-05,0.0,0.0,0.0,-0.01262166666666682,0.0031871403936583505,5.818895625141912e-05
LEU 205,R LEU 205,0.0,0.0,0.0,-0.0006633333333333621,0.0004725698067187941,8.62790477119133e-06,0.008971000000000095,0.0024695800587683577,4.508815685841211e-05,-0.008909999999999927,0.0026745529221412945,4.883043222327151e-05,0.0,0.0,0.0,-0.0006023333333334375,0.001874796314862785,3.4228941079263506e-05
LYS 206,R LYS 206,0.0,0.0,0.0,-0.000852333333333324,0.00035850786447282453,6.545428147159031e-06,-0.27129433333333364,0.06921032944020686,0.001263601954892173,0.2791276666666668,0.06936022900689474,0.0012663387340266798,0.0,0.0,0.0,0.006980999999999646,0.0023190455651699556,4.2339785597530044e-05
TRP 207,R TRP 207,0.0,0.0,0.0,-0.003925000000000006,0.0005808399090969171,1.0604637350387721e-05,-0.005326666666666616,0.007417319072429194,0.0001354210990727588,-0.004352999999999989,0.00867661940696563,0.00015841267240273907,0.0,0.0,0.0,-0.013604666666666529,0.0047704344549410835,8.709581866903644e-05
MET 208,R MET 208,0.0,0.0,0.0,-0.0016286666666666721,0.0005568766071182446,1.016712931552015e-05,0.001689666666666459,0.007648836069770522,0.00013964800180241578,0.0031016666666666666,0.008429155585756463,0.00015389462183464954,0.0,0.0,0.0,0.003162666666666227,0.002343687882139969,4.2789690693319e-05
ALA 209,R ALA 209,0.0,0.0,0.0,-0.0005706666666666663,0.0004949810321842749,9.037075895483933e-06,-0.014138666666666674,0.002768893561615585,5.055284876758921e-05,0.014891000000000168,0.003033884034257638,5.539089074725615e-05,0.0,0.0,0.0,0.00018166666666680372,0.0012390845635205975,2.2622485536555803e-05
PRO 210,R PRO 210,0.0,0.0,0.0,-0.0003026666666666692,0.0004594121848139879,8.387680560511782e-06,-0.0099166666666666,0.0015706863326438037,2.8676677838469142e-05,0.007063000000000064,0.00167760672785106,3.0628768248881854e-05,0.0,0.0,0.0,-0.003156333333333213,0.0011374942734897976,2.076770908744376e-05
GLU 211,R GLU 211,0.0,0.0,0.0,-0.000523000000000011,0.000499470719862538,9.119046002735189e-06,0.18191066666666697,0.05584464778492271,0.0010195791102577691,-0.18346299999999988,0.05574600103146384,0.0010177780751879667,0.0,0.0,0.0,-0.0020753333333335035,0.0016390011863594842,2.9923930718227268e-05
THR 212,R THR 212,0.0,0.0,0.0,-0.0009763333333333441,0.0003353205762980407,6.122088121135634e-06,-0.0035053333333333776,0.0019015708126586912,3.4717774292886514e-05,0.008684333333333441,0.0026463851865428717,4.831616208390159e-05,0.0,0.0,0.0,0.00420266666666666,0.0020390176283908586,3.7227198340678646e-05
ILE 213,R ILE 213,0.0,0.0,0.0,-0.0004193333333333277,0.000493449986208211,9.009122948228341e-06,-0.014492000000000104,0.0018371906088740788,3.354235796389946e-05,0.014031666666666798,0.00200715318022373,3.664543577255896e-05,0.0,0.0,0.0,-0.0008796666666667705,0.0010069027868778698,1.8383445652927535e-05
PHE 214,R PHE 214,0.0,0.0,0.0,-0.00020899999999999844,0.00040659439248469517,7.423364017299217e-06,-0.01005533333333333,0.00162919352919002,2.974486821596084e-05,0.00992166666666662,0.0016795427618517356,3.066411523202409e-05,0.0,0.0,0.0,-0.0003426666666666758,0.0007455956604546672,1.3612652066966126e-05
ASP 215,R ASP 215,0.0,0.0,0.0,-0.00020966666666666193,0.0004070707009298867,7.432060179957938e-06,0.035191000000000014,0.04025728736100678,0.0007349941463863678,-0.03410233333333321,0.04018063208257872,0.0007335946188814715,0.0,0.0,0.0,0.0008790000000001138,0.000789319749320157,1.4410941059565768e-05
ARG 216,R ARG 216,0.0,0.0,0.0,-0.0007426666666666685,0.0004772625645863359,8.71358241589008e-06,0.05804499999999967,0.06870111819808097,0.001254305072097254,-0.05290099999999987,0.06744331841628232,0.001231340894986714,0.0,0.0,0.0,0.004401333333332976,0.002467305863126647,4.504663591664061e-05
VAL 217,R VAL 217,0.0,0.0,0.0,-0.0007713333333333177,0.00042392399738103365,7.739757867778437e-06,0.009015000000000063,0.004393947541789666,8.022213950441912e-05,-0.004394333333333332,0.004580120219188759,8.36211720045063e-05,0.0,0.0,0.0,0.003849333333333457,0.0012431007825414889,2.2695811328343253e-05
TYR 218,R TYR 218,0.0,0.0,0.0,-0.00509900000000002,0.0010778987274632297,1.967964825792414e-05,-0.03246166666666665,0.013448613208142559,0.00024553696070871996,0.0430613333333337,0.013846235525303896,0.0002527965177912779,0.0,0.0,0.0,0.005500666666666674,0.002746512859771156,5.014423492582284e-05
THR 219,R THR 219,0.0,0.0,0.0,-0.002548333333333333,0.0006348206220833267,1.1590185822816674e-05,0.01831300000000002,0.009459617557456036,0.0001727081973863531,-0.003176,0.010496524377144984,0.0001916394392255057,0.0,0.0,0.0,0.01258866666666675,0.0035147505680424877,6.417027233736555e-05
ILE 220,R ILE 220,0.0,0.0,0.0,-0.008362666666666619,0.0018584418802376492,3.393035132061583e-05,0.020770333333333363,0.006826437813546534,0.0001246331325961894,-0.011301333333333339,0.007039687366795524,0.00012852651895260174,0.0,0.0,0.0,0.0011063333333333491,0.003504144197312045,6.397662738728802e-05
GLN 221,R GLN 221,0.0,0.0,0.0,-0.001506666666666649,0.0005039400317057027,9.200644099836065e-06,0.03203300000000008,0.016479722216509878,0.0003008771866467165,-0.024174333333333336,0.01603579146437374,0.0002927721570828766,0.0,0.0,0.0,0.006352000000000061,0.003095173016165682,5.650986934450821e-05
SER 222,R SER 222,0.0,0.0,0.0,-0.001752000000000022,0.00048009998958542093,8.765386471797678e-06,-0.0022946666666665057,0.005466367308876735,9.980175608935324e-05,0.012627333333333409,0.007504251209962198,0.00013700825549605773,0.0,0.0,0.0,0.008580666666667035,0.0036738934237249576,6.707581006813482e-05
ASP 223,R ASP 223,0.0,0.0,0.0,-0.012741666666666583,0.0027149457739626074,4.956790142675473e-05,0.7048169999999998,0.16261250724037707,0.002968884611600889,-0.681215000000002,0.16086660760289906,0.002937008991114662,0.0,0.0,0.0,0.010860333333333434,0.011033320438059175,0.00020143994960359303
VAL 224,R VAL 224,0.0,0.0,0.0,-0.0019513333333333425,0.0004571267755106093,8.345954886225362e-06,0.016810666666666668,0.005194563140652219,9.483931361733671e-05,-0.009315333333333408,0.00610643634936816,0.00011148776448394795,0.0,0.0,0.0,0.005543999999999931,0.00373104953956218,6.811933319958232e-05
TRP 225,R TRP 225,0.0,0.0,0.0,-0.001392666666666725,0.0004883436858970848,8.915895086035027e-06,0.003350333333333391,0.005061580769768381,9.24113988078835e-05,0.004203666666666651,0.006411826564161663,0.0001170634014667396,0.0,0.0,0.0,0.006161333333333473,0.0034994244606157475,6.389045717881979e-05
SER 226,R SER 226,0.0,0.0,0.0,-0.0027136666666666485,0.0005486467189571841,1.0016872802468232e-05,-0.007447666666666727,0.007684958982034705,0.0001403075129320782,0.02884433333333375,0.009709038806984,0.0001772619855426061,0.0,0.0,0.0,0.018683000000000026,0.005088795961063332,9.29082779471856e-05
PHE 227,R PHE 227,0.0,0.0,0.0,-0.0041436666666666505,0.0006770228126796394,1.2360688881674435e-05,-0.005322666666666715,0.005336654965633598,9.743354354331595e-05,-0.003232999999999996,0.007496402092559707,0.0001368649508741294,0.0,0.0,0.0,-0.012699333333333465,0.004938177756577332,9.015837834158866e-05
GLY 228,R GLY 228,0.0,0.0,0.0,-0.000537999999999995,0.0004985539088202817,9.102307399774736e-06,0.0048066666666666345,0.003942075031700546,7.197211394134271e-05,-0.0003343333333333324,0.004712666041872931,8.604111657074634e-05,0.0,0.0,0.0,0.003934333333333237,0.0029308737984126304,5.3510189753048216e-05
VAL 229,R VAL 229,0.0,0.0,0.0,-0.0012173333333333352,0.0004124312737360977,7.529930401528289e-06,-0.006766333333333383,0.004712437432534806,8.603694275436808e-05,0.0229040000000003,0.006776635153228948,0.00012372386458019908,0.0,0.0,0.0,0.014920333333333157,0.004846853263258184,8.849102884013443e-05
LEU 230,R LEU 230,0.0,0.0,0.0,-0.005547333333333335,0.0008651163056045394,1.579479051483797e-05,-0.021089333333333453,0.006018583960441874,0.00010988380664575981,0.03312066666666701,0.008140317738814597,0.0001486211883602734,0.0,0.0,0.0,0.006483999999999815,0.005648871037649824,0.0001031338030586141
LEU 231,R LEU 231,0.0,0.0,0.0,-0.0011569999999999755,0.00037285072973866493,6.807291842004301e-06,0.0024196666666667947,0.004466640783507106,8.154933044664635e-05,-0.0006393333333333347,0.005585509784751559,0.00010197699014247512,0.0,0.0,0.0,0.000623333333333517,0.0033572988481150893,6.129561037995817e-05
TRP 232,R TRP 232,0.0,0.0,0.0,-0.0008420000000000077,0.0003656537524307231,6.675893614757217e-06,0.003958333333333253,0.0033332562491088223,6.085665458606537e-05,-0.0013506666666666686,0.004081547854538654,7.451852764892117e-05,0.0,0.0,0.0,0.0017656666666664524,0.0023835732047122753,4.351789372285974e-05
GLH 233,R GLH 233,0.0,0.0,0.0,-0.0021869999999999815,0.0004960151207370365,9.055955683044112e-06,0.010969333333333267,0.017560250365210812,0.0003206048413488098,0.011618666666666683,0.021058567177173925,0.00038447507572253497,0.0,0.0,0.0,0.020400999999999822,0.00549110180200639,0.00010025334408387221
ILE 234,R ILE 234,0.0,0.0,0.0,-0.0020700000000000197,0.00044245527080875413,8.078091083633723e-06,-0.009968333333333251,0.0035696868054339802,6.517326621882487e-05,0.01779166666666687,0.004767766481510413,8.704710836134302e-05,0.0,0.0,0.0,0.005753333333333293,0.0030872569629940678,5.6365342648224755e-05
PHE 235,R PHE 235,0.0,0.0,0.0,-0.0006110000000000113,0.0004875233327749636,8.900917555698174e-06,-0.008014333333333316,0.0025370838684512856,4.632060216777462e-05,0.003059333333333321,0.0027848063168239233,5.0843374600244705e-05,0.0,0.0,0.0,-0.005565999999999915,0.0021854772171465532,3.9901172358159445e-05
SER 236,R SER 236,0.0,0.0,0.0,-0.00037933333333333314,0.0004852211408786257,8.858885474587178e-06,0.002169333333333327,0.00472560326542769,8.627731687649396e-05,0.0002689999999999984,0.005771998989373888,0.00010538180161257,0.0,0.0,0.0,0.0020589999999999662,0.0021074911624964863,3.8477348314737036e-05
LEU 237,R LEU 237,0.0,0.0,0.0,-0.0008209999999999843,0.0003868147704866547,7.062239179057479e-06,-0.005444333333333565,0.004947615710847267,9.033069102326684e-05,0.013723000000000056,0.005823252613445304,0.00010631756048116348,0.0,0.0,0.0,0.007457666666666485,0.0023279908123146915,4.25031027189844e-05
GLY 238,R GLY 238,0.0,0.0,0.0,-0.0007920000000000061,0.0004099625999201623,7.484858790324617e-06,0.0027659999999999864,0.005240538521946022,9.567870539815394e-05,0.001442999999999999,0.005641283925963426,0.00010299528198471573,0.0,0.0,0.0,0.0034170000000000467,0.0020433088361772192,3.730554471746303e-05
ALA 239,R ALA 239,0.0,0.0,0.0,-0.0005483333333333351,0.0004976584058255974,9.085957826758002e-06,0.022792666666666538,0.006906398933034671,0.00012609301622509,-0.023202000000000212,0.007465198992658166,0.00013629526281812402,0.0,0.0,0.0,-0.0009576666666667909,0.0020310607792206714,3.708192681477272e-05
SER 240,R SER 240,0.0,0.0,0.0,-0.0005236666666666635,0.0004994395748124816,9.118477374519505e-06,-0.017514333333333396,0.008564410539487713,0.00015636402814041365,0.02321433333333329,0.008863317356134458,0.0001618212950093964,0.0,0.0,0.0,0.0051763333333332785,0.0015632998930325567,2.854182051864482e-05
PRO 241,R PRO 241,0.0,0.0,0.0,-0.0006699999999999792,0.00047021271782032663,8.584870412533476e-06,-0.00769466666666667,0.003014648385614659,5.503969745825604e-05,0.004129333333333342,0.0035261791723557217,6.437892915013753e-05,0.0,0.0,0.0,-0.004235333333333461,0.0015463779903014067,2.8232870257252847e-05
TYR 242,R TYR 242,0.0,0.0,0.0,-0.0003829999999999985,0.0004861182983595665,8.875265254252039e-06,-0.007207999999999994,0.0032139388087930798,5.867822613390842e-05,0.006029999999999982,0.003179481089737761,5.8049117133682636e-05,0.0,0.0,0.0,-0.0015610000000000027,0.0008803099832824418,1.60721878480263e-05
PRO 243,R PRO 243,0.0,0.0,0.0,-0.0001616666666666681,0.000368144748102642,6.721372765429141e-06,-0.008009333333333316,0.002436920096259794,4.449187025197166e-05,0.007423666666666629,0.002405446574385479,4.391724498881518e-05,0.0,0.0,0.0,-0.0007473333333332809,0.0007123853513998372,1.300631755326451e-05
GLY 244,R GLY 244,0.0,0.0,0.0,-5.466666666666701e-05,0.00022732844569526021,4.150430588996073e-06,-0.006298666666666634,0.001769406177852741,3.2304789233298135e-05,0.006251666666666622,0.0017638019226156397,3.220246999958557e-05,0.0,0.0,0.0,-0.00010166666666665806,0.0006164391472175964,1.125458754201085e-05
VAL 245,R VAL 245,0.0,0.0,0.0,-0.00010533333333333239,0.00030698244611413947,5.604707016494277e-06,0.005526666666666749,0.0022269460902521574,4.065828693263473e-05,-0.005395999999999974,0.0022318566262195115,4.074794064326008e-05,0.0,0.0,0.0,2.5333333333403522e-05,0.0006424107374224138,1.1728761735659472e-05
LYS 246,R LYS 246,0.0,0.0,0.0,-0.00010599999999999854,0.0003078376195334115,5.620320275571414e-06,-0.09896633333333345,0.036119401986866216,0.000659447041060118,0.0989116666666667,0.03601689229452671,0.0006575754786982093,0.0,0.0,0.0,-0.00016066666666672802,0.0006664729718618065,1.2168076021873908e-05
ILE 247,R ILE 247,0.0,0.0,0.0,-0.0002453333333333337,0.00043028466029930836,7.855887153145959e-06,-0.005674666666666655,0.0016537305974340828,3.019285174170474e-05,0.005804333333333311,0.0016687464024097648,3.0467001578514048e-05,0.0,0.0,0.0,-0.00011566666666671207,0.000729580625351935,1.332025886746601e-05
ASP 248,R ASP 248,0.0,0.0,0.0,-9.033333333333301e-05,0.00028665872082010973,5.233648256624997e-06,0.09645233333333374,0.035228942569363784,0.0006431895507431517,-0.09641233333333331,0.035132543999671494,0.0006414295617054283,0.0,0.0,0.0,-5.033333333300997e-05,0.0006596462856883428,1.2043438354866753e-05
GLU 249,R GLU 249,0.0,0.0,0.0,-0.00010266666666666832,0.00030352301761518046,5.541546782329074e-06,0.051658333333333514,0.036815362697596075,0.0006721534870735871,-0.05164166666666648,0.03670581149112829,0.0006701533648407767,0.0,0.0,0.0,-8.599999999979483e-05,0.0006567120119706855,1.1989866091364903e-05
GLU 250,R GLU 250,0.0,0.0,0.0,-5.06666666666676e-05,0.00021931610874615943,4.004145999484252e-06,0.08478699999999949,0.02703111104511442,0.0004935183091278738,-0.08457433333333333,0.026965245679494994,0.0004923157775776043,0.0,0.0,0.0,0.00016199999999951114,0.000622700570098138,1.1368904960469236e-05
PHE 251,R PHE 251,0.0,0.0,0.0,-0.00019966666666666852,0.00039974978285033824,7.298399114164068e-06,0.001791333333333417,0.0012875525447746323,2.3507385758208214e-05,-0.0016569999999999853,0.0012912594626952605,2.3575064510339823e-05,0.0,0.0,0.0,-6.533333333325545e-05,0.0007333018175047213,1.3388198230229084e-05
CYS 252,R CYS 252,0.0,0.0,0.0,-0.00010866666666667601,0.00031122053631185524,5.682083603228625e-06,0.005851999999999952,0.0021196138013012886,3.869867640573296e-05,-0.0061020000000000345,0.0021435786277464457,3.913621227342325e-05,0.0,0.0,0.0,-0.00035866666666668166,0.0006942801227808731,1.2675762815818017e-05
ARG 253,R ARG 253,0.0,0.0,0.0,-7.26666666666588e-05,0.0002595885633501744,4.739417060574978e-06,-0.07834733333333337,0.025839711548097423,0.0004717664298106565,0.07824700000000016,0.025811289345297174,0.00047124751375706705,0.0,0.0,0.0,-0.0001729999999997555,0.0006504390824663667,1.1875338591659734e-05
ARG 254,R ARG 254,0.0,0.0,0.0,-7.599999999999637e-05,0.00026499811320081706,4.838181476546501e-06,-0.11134266666666678,0.03074787655902161,0.0005613768528920154,0.11128433333333324,0.030674856498803218,0.0005600436950876155,0.0,0.0,0.0,-0.00013433333333339684,0.0006467517985199211,1.1808018305213236e-05
LEU 255,R LEU 255,0.0,0.0,0.0,-0.00017933333333333993,0.00038363118862900104,7.004115192487442e-06,0.0017989999999999593,0.001656683132044403,3.024675740196764e-05,-0.0013809999999999966,0.0016550445109825085,3.0216840411340884e-05,0.0,0.0,0.0,0.0002386666666666701,0.0007167320900370632,1.308567778003744e-05
LYS 256,R LYS 256,0.0,0.0,0.0,-9.966666666666412e-05,0.000299555040388603,5.469101761173632e-06,-0.07899333333333322,0.03286329191599026,0.0005999988765421678,0.07867766666666677,0.032809527598279015,0.0005990172788888571,0.0,0.0,0.0,-0.0004153333333331612,0.0006502549927185693,1.1871977588077265e-05
GLU 257,R GLU 257,0.0,0.0,0.0,-4.4000000000001964e-05,0.00020509509989271725,3.74450708816722e-06,0.0939523333333334,0.025507372683641755,0.00046569878005072243,-0.09385366666666663,0.0254775375554402,0.0004651540676266541,0.0,0.0,0.0,5.466666666670032e-05,0.0006118373058982964,1.117056979878952e-05
GLY 258,R GLY 258,0.0,0.0,0.0,-3.466666666666692e-05,0.00018293411078552124,3.339904633812636e-06,0.0015510000000000161,0.0014210555935641014,2.5944806802131716e-05,-0.0014846666666666732,0.0014060932480537043,2.567163299715736e-05,0.0,0.0,0.0,3.1666666666706036e-05,0.0006099157501016586,1.113548715027874e-05
THR 259,R THR 259,0.0,0.0,0.0,-6.40000000000002e-05,0.0002447529366524543,4.4685568140060725e-06,0.002796000000000004,0.002337031735628257,4.266816664030154e-05,-0.0025743333333333213,0.0023224572953854505,4.240207498416833e-05,0.0,0.0,0.0,0.00015766666666666086,0.0006262118030046189,1.1433011009387037e-05
ARG 260,R ARG 260,0.0,0.0,0.0,-0.00016899999999999752,0.00037475191794038347,6.842002630809099e-06,-0.2002843333333332,0.04027013146103,0.00073522864649682,0.20036266666666644,0.04017335526053024,0.0007334617628953746,0.0,0.0,0.0,-9.066666666634167e-05,0.0007264843808066279,1.3263729434765441e-05
MET 261,R MET 261,0.0,0.0,0.0,-0.0002543333333333374,0.00043548580790755666,7.950846682144348e-06,-0.0019933333333332637,0.0028251175000148193,5.1579352745357265e-05,0.0017496666666666626,0.0028809141874682124,5.2598056223766894e-05,0.0,0.0,0.0,-0.0004980000000000852,0.0007694127630861295,1.4047490879155042e-05
ARG 262,R ARG 262,0.0,0.0,0.0,-0.00010899999999999762,0.00031163921447724727,5.689727585745962e-06,-0.17413033333333336,0.03270646235667715,0.0005971355736315217,0.17401600000000014,0.03270909777620195,0.0005971836895889291,0.0,0.0,0.0,-0.0002233333333336039,0.000673391086631928,1.229438293904075e-05
ALA 263,R ALA 263,0.0,0.0,0.0,-8.20000000000037e-05,0.0002743647207641806,5.009191551538258e-06,-0.009911333333333237,0.002719093885020064,4.964363522666158e-05,0.010434666666666651,0.002713005385586574,4.9532474943958923e-05,0.0,0.0,0.0,0.00044133333333344903,0.0006864582207891568,1.2532955077036099e-05
PRO 264,R PRO 264,0.0,0.0,0.0,-0.0001616666666666712,0.00036814474810264964,6.7213727654292805e-06,-0.003901666666666744,0.004401590306039573,8.036167665046473e-05,0.0034496666666666586,0.004489335498959963,8.196367736630274e-05,0.0,0.0,0.0,-0.0006136666666667529,0.000718154966254209,1.3111655826726386e-05
ASP 265,R ASP 265,0.0,0.0,0.0,-7.700000000000077e-05,0.00026659144772479376,4.8672716518942946e-06,0.2004930000000005,0.03487255775438781,0.0006366828839993301,-0.20018533333333338,0.03478577752792113,0.0006350985010799565,0.0,0.0,0.0,0.0002306666666665412,0.000638847573543481,1.166370756124017e-05
TYR 266,R TYR 266,0.0,0.0,0.0,-0.00019333333333333396,0.0003949120858565321,7.210075255167983e-06,-0.005671333333333422,0.003898800442301395,7.11820316486531e-05,0.005820999999999976,0.003937887631713224,7.189566282699762e-05,0.0,0.0,0.0,-4.3666666666789906e-05,0.0007167704576008071,1.3086378272708743e-05
THR 267,R THR 267,0.0,0.0,0.0,-0.00013099999999999757,0.00033740035566074273,6.160059523521822e-06,-0.002161000000000042,0.002341597531600971,4.2751526288542265e-05,0.0027109999999999916,0.002371528129006053,4.329798173382123e-05,0.0,0.0,0.0,0.0004189999999999685,0.0007146833797798333,1.3048273619314873e-05
THR 268,R THR 268,0.0,0.0,0.0,-9.833333333333435e-05,0.00029776482144284723,5.436416984524847e-06,0.012492000000000005,0.003243958898219141,5.922631547247429e-05,-0.012602666666666791,0.0032676382228678017,5.965863881435961e-05,0.0,0.0,0.0,-0.0002089999999999954,0.0006831195600576858,1.2471999750553319e-05
PRO 269,R PRO 269,0.0,0.0,0.0,-5.666666666666353e-05,0.00023120457511811819,4.221198706353033e-06,0.006140666666666722,0.0017647132596796818,3.221910866183445e-05,-0.006222666666666669,0.001748071191023984,3.191526744829194e-05,0.0,0.0,0.0,-0.00013866666666654688,0.0006288387887385943,1.1480972987545124e-05
GLU 270,R GLU 270,0.0,0.0,0.0,-0.00010566666666666531,0.0003074105109169491,5.612522374780038e-06,0.22204766666666684,0.032296512627350664,0.0005896509498250132,-0.2212363333333333,0.03222914540011858,0.0005884209981586269,0.0,0.0,0.0,0.0007056666666666919,0.0006720872132560371,1.227057757703722e-05
MET 271,R MET 271,0.0,0.0,0.0,-0.00029500000000000376,0.0004560427611529521,8.326163582347085e-06,0.011987333333333334,0.004730240256994259,8.6361976372493e-05,-0.011099333333333445,0.004866018175971154,8.884093067365146e-05,0.0,0.0,0.0,0.0005930000000000552,0.0009862476024473674,1.8006335304860344e-05
TYR 272,R TYR 272,0.0,0.0,0.0,-0.00016133333333333332,0.00036783812865021055,6.715774685740254e-06,0.0045426666666666055,0.0034455061876142628,6.290604869933196e-05,-0.005054333333333295,0.0034659363172966293,6.327905012865822e-05,0.0,0.0,0.0,-0.0006730000000000094,0.0007412181415299145,1.3532729871599697e-05
GLN 273,R GLN 273,0.0,0.0,0.0,-0.00010600000000000165,0.00030783761953342027,5.620320275571574e-06,-0.0031229999999998438,0.0036943025052097256,6.74484272117071e-05,0.003808333333333328,0.0038152672106798414,6.965693047330547e-05,0.0,0.0,0.0,0.0005793333333335037,0.0007120671004586576,1.3000507112616799e-05
THR 274,R THR 274,0.0,0.0,0.0,-0.00026300000000001236,0.00044026242174414614,8.038055320370726e-06,0.0020056666666667033,0.003991528682375006,7.287500994218879e-05,0.0015983333333333303,0.004087256278836576,7.462274874078059e-05,0.0,0.0,0.0,0.0033410000000000254,0.0012228596267220785,2.232626007393432e-05
MET 275,R MET 275,0.0,0.0,0.0,-0.00037966666666665636,0.0004853039139434981,8.860396697079994e-06,4.066666666666426e-05,0.0036205450172899236,6.610180588108743e-05,0.0005163333333333327,0.0038762180737873485,7.076973589408517e-05,0.0,0.0,0.0,0.0001773333333333058,0.0010112135723420708,1.8462149467571143e-05
LEU 276,R LEU 276,0.0,0.0,0.0,-0.00015500000000000913,0.0003619046835839727,6.607445295523715e-06,0.0009793333333331967,0.0019234273807160448,3.511681880470849e-05,-0.0014589999999999987,0.001913892804382397,3.49427420535687e-05,0.0,0.0,0.0,-0.0006346666666668267,0.0007740789508971585,1.4132683423210252e-05
ASP 277,R ASP 277,0.0,0.0,0.0,-0.00018499999999999637,0.0003882975663070714,7.089311203024699e-06,0.22984000000000074,0.03363223255548632,0.0006140377476633158,-0.22830833333333372,0.03352547186675301,0.0006120885730808485,0.0,0.0,0.0,0.0013466666666668015,0.000881186069391445,1.6088182918833566e-05
CYS 278,R CYS 278,0.0,0.0,0.0,-0.0004653333333333194,0.0004987967744705336,9.10674149961094e-06,0.005612666666666702,0.0034286984248968087,6.259918233994715e-05,-0.003194333333333335,0.00381539441677471,6.965925292822585e-05,0.0,0.0,0.0,0.001953000000000044,0.0014334542197085868,2.6171173709511982e-05
TRP 279,R TRP 279,0.0,0.0,0.0,-0.0005669999999999859,0.0004954906659060291,9.046380491666268e-06,-0.017347999999999936,0.003706241942093136,6.766641050853888e-05,0.015202333333333444,0.003852020407814356,7.03279489776724e-05,0.0,0.0,0.0,-0.002712666666666555,0.0011240282716886232,2.052185465591348e-05
HID 280,R HID 280,0.0,0.0,0.0,-0.0002076666666666703,0.00040563681073372616,7.40588104644385e-06,0.00048000000000006084,0.0045870397135114585,8.374750410874201e-05,-0.0008316666666666593,0.004654459928092847,8.497842318734419e-05,0.0,0.0,0.0,-0.0005593333333332581,0.00076145445621451,1.3902192739383898e-05
GLY 281,R GLY 281,0.0,0.0,0.0,-7.299999999999906e-05,0.000260136502628905,4.749421017345108e-06,0.005707666666666427,0.002802892771564645,5.117358657513769e-05,-0.005749333333333297,0.0028263933830158286,5.1602647075370274e-05,0.0,0.0,0.0,-0.00011466666666685032,0.0006394150104238272,1.167406749388437e-05
GLU 282,R GLU 282,0.0,0.0,0.0,-0.0001513333333333337,0.00035837348612244774,6.54297474536764e-06,0.14779333333333375,0.03330222148078779,0.0006080125973353523,-0.14677866666666686,0.03318016995469101,0.0006057842515346477,0.0,0.0,0.0,0.0008633333333332279,0.0007443042985829869,1.3589075132732079e-05
PRO 283,R PRO 283,0.0,0.0,0.0,-0.00032699999999999315,0.0004691172561311233,8.564870109931498e-06,0.01410599999999996,0.0018871753142378383,3.445494965249881e-05,-0.014320000000000102,0.0019747404892782264,3.6053663706549106e-05,0.0,0.0,0.0,-0.0005410000000001127,0.0008658246550737217,1.580772314760024e-05
SER 284,R SER 284,0.0,0.0,0.0,-0.00013233333333333893,0.0003388528031789488,6.186577465832284e-06,0.005110666666666615,0.0032179319791168135,5.875113111598406e-05,-0.004826333333333325,0.003160512599071394,5.770280145968945e-05,0.0,0.0,0.0,0.00015199999999992094,0.0006944273420116454,1.267845065893777e-05
GLN 285,R GLN 285,0.0,0.0,0.0,-0.00015199999999999746,0.0003590208907570641,6.554794682774734e-06,0.0037969999999999237,0.005042399329684201,9.206119522723219e-05,-0.0028973333333333477,0.005057482201869058,9.233656953815265e-05,0.0,0.0,0.0,0.0007476666666666035,0.000709925739465454,1.2961411388625488e-05
ARG 286,R ARG 286,0.0,0.0,0.0,-0.0006339999999999853,0.0004817094560001784,8.794771173828e-06,-0.2593723333333337,0.05296802527206269,0.0009670594089337482,0.27128200000000063,0.052979327502963205,0.0009672657584942264,0.0,0.0,0.0,0.011275666666666686,0.0023935346015656112,4.369976311488751e-05
PRO 287,R PRO 287,0.0,0.0,0.0,-0.000441000000000001,0.0004965067975365488,9.064932432180607e-06,0.010209333333333315,0.006576892342808099,0.00012007707648129985,-0.008818000000000048,0.006236629110879045,0.0001138647482273947,0.0,0.0,0.0,0.0009503333333333498,0.0011140915083101383,2.034043500754723e-05
THR 288,R THR 288,0.0,0.0,0.0,-0.000718666666666674,0.00044964974022995214,8.209443523342765e-06,-0.009597999999999995,0.008037063891745428,0.00014673603965397432,0.018556666666666756,0.00866137723203143,0.0001581343896348424,0.0,0.0,0.0,0.008240000000000004,0.0019805049861081653,3.615890853809659e-05
PHE 289,R PHE 289,0.0,0.0,0.0,-0.005738000000000017,0.000908124073755259,1.658000134030802e-05,-0.0031163333333334505,0.006851773484937202,0.00012509569655386296,-0.013640000000000015,0.00851714349611032,0.0001555010539442679,0.0,0.0,0.0,-0.02249433333333345,0.004863123264825366,8.878807706910075e-05
SER 290,R SER 290,0.0,0.0,0.0,-0.0006726666666666601,0.00046924004754729986,8.567111964215093e-06,-0.0034103333333333386,0.010452589466517498,0.0001908373011717508,0.003154333333333311,0.010946286184008794,0.00019985092879629205,0.0,0.0,0.0,-0.0009286666666666434,0.0016416185779760052,2.997171753256705e-05
GLU 291,R GLU 291,0.0,0.0,0.0,-0.00041900000000000764,0.0004933953789812038,9.008125961227188e-06,0.26705000000000045,0.03334197804569027,0.0006087384495822192,-0.26380666666666724,0.03326320222440231,0.0006073002064387054,0.0,0.0,0.0,0.00282433333333343,0.0014381033419827987,2.6256054680918167e-05
LEU 292,R LEU 292,0.0,0.0,0.0,-0.0009803333333333107,0.0002976797309562714,5.434863451893958e-06,-0.019232999999999882,0.0040976470077346205,7.481245662765992e-05,0.027835000000000314,0.004738119352651787,8.650582831997195e-05,0.0,0.0,0.0,0.007621666666666862,0.002022506008781043,3.692573878997063e-05
VAL 293,R VAL 293,0.0,0.0,0.0,-0.0010716666666666732,0.00030854047096319113,5.633152528326916e-06,-0.013203333333333268,0.0032477667540774073,5.929583709078431e-05,0.015494333333333546,0.004814765611001145,8.79051911415157e-05,0.0,0.0,0.0,0.0012193333333333051,0.002578609358205014,4.707875041609351e-05
GLU 294,R GLU 294,0.0,0.0,0.0,-0.00031600000000000085,0.00046491289506745754,8.488109330115959e-06,0.2674646666666666,0.0355925659591357,0.0006498283751769707,-0.26700066666666705,0.035398201454620325,0.0006462797810602578,0.0,0.0,0.0,0.0001479999999999464,0.001123727131765818,2.051635661829062e-05
HID 295,R HID 295,0.0,0.0,0.0,-0.00029766666666667876,0.0004572321316598844,8.347878417543023e-06,-0.016858666666666744,0.008667796234081301,0.00015825158404215526,0.019333666666666527,0.008816594196299883,0.00016096825072275256,0.0,0.0,0.0,0.002177333333333257,0.0010670299381407811,1.948121222176826e-05
LEU 296,R LEU 296,0.0,0.0,0.0,-0.000679999999999987,0.00046647615158761064,8.516650358757789e-06,-0.01770333333333337,0.0030302896817881774,5.5325267149684545e-05,0.021582333333333602,0.0034120210856429475,6.229469717633028e-05,0.0,0.0,0.0,0.0031989999999999215,0.001414472457608621,2.5824615733400385e-05
GLY 297,R GLY 297,0.0,0.0,0.0,-0.00016333333333333163,0.00036966952208094286,6.749211202196216e-06,-0.006907666666666662,0.0021943430046878053,4.006303875237251e-05,0.005599333333333358,0.002153477704138417,3.931694385470157e-05,0.0,0.0,0.0,-0.0014716666666666927,0.0008736115968909756,1.5949892603843245e-05
ASN 298,R ASN 298,0.0,0.0,0.0,-0.00014000000000000042,0.0003469870314579506,6.335087476375808e-06,-0.011337000000000009,0.006013991824625743,0.00010979996609997241,0.011697999999999951,0.006063947779018752,0.0001107120328700641,0.0,0.0,0.0,0.0002209999999999705,0.0007345014181969901,1.3410099842200898e-05
LEU 299,R LEU 299,0.0,0.0,0.0,-0.00019566666666666067,0.0003967130225014213,7.2429557093360985e-06,-0.011339000000000031,0.0023783914031690013,4.342328740306753e-05,0.012481333333333351,0.0025688489424031216,4.69005504192493e-05,0.0,0.0,0.0,0.0009466666666666108,0.0008720601406375144,1.5921567017609805e-05
LEU 300,R LEU 300,0.0,0.0,0.0,-0.0003566666666666622,0.00047901519344959386,8.745580894668115e-06,-0.010622666666666765,0.002634315766106337,4.809580562293146e-05,0.010513666666666586,0.002787438469674741,5.089143091661785e-05,0.0,0.0,0.0,-0.0004656666666667107,0.0009547187485794274,1.7430699822335187e-05
GLN 301,R GLN 301,0.0,0.0,0.0,-0.00013300000000000237,0.0003395747340424551,6.1997580597956705e-06,-0.006426333333333337,0.009144464986476277,0.0001669543249803077,0.006290666666666686,0.00913193186327818,0.00016672550250392137,0.0,0.0,0.0,-0.0002686666666666824,0.0006936508888161242,1.2664274627936638e-05
ALA 302,R ALA 302,0.0,0.0,0.0,-5.666666666666609e-05,0.0002312045751181288,4.221198706353227e-06,-0.004358666666666508,0.004516269650447921,8.245542544420993e-05,0.004391999999999995,0.004517337268790093,8.24749173991704e-05,0.0,0.0,0.0,-2.3333333333117305e-05,0.0006116553132458817,1.116724708275526e-05
ASN 303,R ASN 303,0.0,0.0,0.0,-0.00010300000000000334,0.000303958878797784,5.549504482384168e-06,0.18764133333333355,0.03138322309061837,0.0005729766404649558,-0.18729766666666653,0.03130847161002252,0.0005716118713939807,0.0,0.0,0.0,0.0002406666666668779,0.0006880500627787329,1.2562018002558589e-05
BAX 304,L BAX   1,0.0,0.0,0.0,-29.983991333333357,1.4311804779945203,0.026129661055287492,-18.725450999999968,1.9987560755629803,0.036492126317878154,23.97285466666666,1.3143386423892176,0.023996430754576338,-4.970789236800003,0.05682715102011397,0.0010375170830823044,-29.7073769034666,1.6946188523158576,0.030939365726230364

