| Run on Sat May 23 21:21:07 2026
| GB non-polar solvation energies calculated with gbsa=2
idecomp = 1: Per-residue decomp adding 1-4 interactions to Internal.
Energy Decomposition Analysis (All units kcal/mol): Generalized Born solvent
DELTAS:
Total Energy Decomposition:
Residue,Location,Internal,,,van der Waals,,,Electrostatic,,,Polar Solvation,,,Non-Polar Solv.,,,TOTAL,,
,,Avg.,Std. Dev.,Std. Err. of Mean,Avg.,Std. Dev.,Std. Err. of Mean,Avg.,Std. Dev.,Std. Err. of Mean,Avg.,Std. Dev.,Std. Err. of Mean,Avg.,Std. Dev.,Std. Err. of Mean
GLU   1,R GLU   1,0.0,0.0,0.0,-0.005230666666666614,0.004134504350248413,7.548537655780986e-05,-0.00967366666666643,0.1830743687864458,0.0033424653828452015,0.08199766666666644,0.19413319910452087,0.0035443710770062596,-1.9679999999999697e-07,1.0777383251977097e-05,1.9676719726620798e-07,0.06709313653333346,0.037219444533427216,0.0006795309782923477
HID   2,R HID   2,0.0,0.0,0.0,-0.02018600000000024,0.017982808568185384,0.0003283196633364104,-0.02183033333333328,0.0928158439054931,0.0016945777133638988,0.05759166666666673,0.09814038039405065,0.0017917900047986427,-0.000141624,0.0016373812385586922,2.989435465314478e-05,0.015433709333333323,0.011790300678606388,0.0002152604547147062
CYS   3,R CYS   3,0.0,0.0,0.0,-0.012770666666666751,0.006176898322693474,0.000112774218225168,0.019391999999999857,0.037149262029457994,0.0006782496269401429,-0.0020516666666666717,0.03215903704853264,0.0005871410006375228,0.0,0.0,0.0,0.0045696666666664686,0.015012699509267062,0.0002740931390090769
GLU   4,R GLU   4,0.0,0.0,0.0,-0.006952666666666634,0.0037049191924012396,6.764226051373271e-05,-0.5310003333333327,0.17303876155326853,0.0031592411008494283,0.536114000000002,0.17480317599326137,0.003191454753835159,0.0,0.0,0.0,-0.0018389999999998542,0.0080006507443665,0.00014607122958033435
ARG   5,R ARG   5,0.0,0.0,0.0,-0.0021756666666666678,0.0008359473003059296,1.5262239775436763e-05,0.4375329999999989,0.11730632369001717,0.0021417106541008354,-0.4272690000000002,0.11474092835165384,0.002094873157576162,0.0,0.0,0.0,0.008088333333333546,0.0047637377365072585,8.697355387745422e-05
LEU   6,R LEU   6,0.0,0.0,0.0,-0.0036356666666666343,0.001542161217973709,2.8155882879794725e-05,0.003873666666666741,0.017757168690106157,0.0003242000616331868,0.0036096666666666608,0.016492158941616923,0.00030110424914280384,0.0,0.0,0.0,0.0038476666666667457,0.0033497952010366834,6.11586131543448e-05
PRO   7,R PRO   7,0.0,0.0,0.0,-0.0014003333333333238,0.0005266876578095957,9.615957031395918e-06,-0.020901999999999966,0.015115590053539364,0.00027597165474414103,0.02329966666666669,0.013945340914521173,0.00025460592636609893,0.0,0.0,0.0,0.0009973333333336124,0.0030334786778365612,5.538348998540104e-05
TYR   8,R TYR   8,0.0,0.0,0.0,-0.004528,0.0007379358599046738,1.347280388205873e-05,0.0014493333333332667,0.007771921655692359,0.0001418952268661868,-0.0032130000000000023,0.007384598680136055,0.00013482370917444647,0.0,0.0,0.0,-0.006291666666666676,0.003885176601162817,7.09332954782709e-05
ASP   9,R ASP   9,0.0,0.0,0.0,-0.0013689999999999855,0.000502167634693156,9.168284705681845e-06,-0.06985566666666684,0.15501950254045058,0.002830255946487806,0.07752633333333331,0.1541739146977273,0.0028148176952940834,0.0,0.0,0.0,0.006301666666666547,0.003145790397057755,5.7434012055055514e-05
ALA  10,R ALA  10,0.0,0.0,0.0,-0.0006926666666666536,0.00046138872499825985,8.423767082003156e-06,0.016107999999999977,0.00993671656031286,0.00018141879358728324,-0.014244999999999963,0.009943690210379812,0.00018154611443561047,0.0,0.0,0.0,0.0011703333333333756,0.0014692355911229004,2.6824449184914984e-05
SER  11,R SER  11,0.0,0.0,0.0,-0.0004896666666666678,0.0004998932108182826,9.126759596961963e-06,0.013389333333333248,0.005245228265343185,9.576432800640517e-05,-0.010344999999999918,0.005240926285813858,9.568578496540057e-05,0.0,0.0,0.0,0.0025546666666665854,0.0011878600740640223,2.1687258590820744e-05
LYS  12,R LYS  12,0.0,0.0,0.0,-0.0023330000000000143,0.0006094623313489369,1.1127208894316689e-05,0.04193299999999989,0.17008248933287176,0.003105267201474855,-0.015166000000000002,0.17073292528781087,0.0031171424829659405,0.0,0.0,0.0,0.02443399999999975,0.008257015845126331,0.00015075179453510914
TRP  13,R TRP  13,0.0,0.0,0.0,-0.012225999999999904,0.0016207788251336387,2.9591237441747167e-05,0.062448999999999796,0.04609017320065839,0.0008414875847106894,-0.10635666666666647,0.049728933116334806,0.0009079219476160749,0.0,0.0,0.0,-0.05613366666666675,0.013462830307512325,0.0002457965282429571
GLU  14,R GLU  14,0.0,0.0,0.0,-0.0019873333333333344,0.00036492860793408056,6.662654348148488e-06,0.07952933333333319,0.2808598152214411,0.00512777520978387,-0.0919736666666668,0.27873583128096185,0.005088996745917897,0.0,0.0,0.0,-0.014431666666666686,0.00789371040062191,0.0001441187749611254
PHE  15,R PHE  15,0.0,0.0,0.0,-0.0032063333333333267,0.00048417616169716386,8.83980685226018e-06,-0.006756333333333463,0.008865191851029268,0.0001618555184473236,0.00126633333333334,0.00968366665519257,0.00017679875554698574,0.0,0.0,0.0,-0.008696333333333486,0.0035568881374345557,6.493959557984805e-05
PRO  16,R PRO  16,0.0,0.0,0.0,-0.0009173333333333321,0.00030193744753206165,5.5125983656280904e-06,0.02356333333333329,0.01555448452662094,0.00028398473485317845,-0.022601666666666798,0.015715671495534086,0.0002869275928148323,0.0,0.0,0.0,4.433333333317435e-05,0.0020938882226346003,3.822899374771233e-05
ARG  17,R ARG  17,0.0,0.0,0.0,-0.0020503333333333497,0.00044249281224522676,8.07877649335363e-06,-0.1151150000000001,0.2565606746463688,0.004684135629085331,0.13724066666666668,0.25323960211537877,0.004623501417740864,0.0,0.0,0.0,0.020075333333333275,0.007127528198627038,0.00013013026578807303
ASP  18,R ASP  18,0.0,0.0,0.0,-0.0005066666666666701,0.0004999555535800618,9.127897814859418e-06,0.20100466666666664,0.16872392236497488,0.0030804632756682377,-0.19798933333333363,0.1680396874339178,0.0030679709121224728,0.0,0.0,0.0,0.0025086666666665185,0.001448421516302755,2.6444437908495184e-05
ARG  19,R ARG  19,0.0,0.0,0.0,-0.0011009999999999826,0.00034660111559731794,6.328041648970223e-06,-0.20537233333333288,0.18049961320703403,0.0032954569924816646,0.21355866666666726,0.18021578887051423,0.003290275092765637,0.0,0.0,0.0,0.007085333333333902,0.0034422935506559747,6.284739424162766e-05
LEU  20,R LEU  20,0.0,0.0,0.0,-0.004718666666666654,0.0007798620960715115,1.4238268725387594e-05,-0.02769799999999998,0.020275538529633885,0.0003701789939415202,0.0400013333333336,0.02057642659830697,0.0003756724333580673,0.0,0.0,0.0,0.007584666666666615,0.0026032348252811284,4.752834787631646e-05
LYS  21,R LYS  21,0.0,0.0,0.0,-0.002245666666666677,0.00048714941810018374,8.894090838966203e-06,-0.35884366666666634,0.15746890452791718,0.002874975703852254,0.3681840000000002,0.1575492879831542,0.002876443298241705,0.0,0.0,0.0,0.0070946666666663735,0.004859667844159405,8.872499000762022e-05
LEU  22,R LEU  22,0.0,0.0,0.0,-0.005566333333333314,0.0010949580915369692,1.9991108208586818e-05,-0.03746233333333335,0.02208901494458757,0.00040328839194064456,0.0495540000000001,0.02267235653095284,0.00041393870346008145,0.0,0.0,0.0,0.006525333333333355,0.002616363549322338,4.776804448660416e-05
GLY  23,R GLY  23,0.0,0.0,0.0,-0.0033706666666666156,0.0006423443174985567,1.172754907930733e-05,-0.033081000000000006,0.018127210826085035,0.00033095607580328767,0.05140800000000015,0.019740758242782087,0.00036041528639425976,0.0,0.0,0.0,0.014956333333333342,0.0031750737349271665,5.796865021205958e-05
LYS  24,R LYS  24,0.0,0.0,0.0,-0.015129999999999992,0.004468530705575131,8.158383554493251e-05,-0.7928783333333331,0.18849644257621384,0.003441458453615651,0.8262303333333353,0.1981502156106657,0.0036177114288157967,0.0,0.0,0.0,0.01822199999999962,0.013383050823087364,0.00024433996080143434
PRO  25,R PRO  25,0.0,0.0,0.0,-0.021009666666666694,0.003431361229728702,6.264779828236922e-05,-0.05052599999999995,0.04474344634319856,0.0008168998287563962,0.06431466666666665,0.04084111063894105,0.000745653252350408,0.0,0.0,0.0,-0.007221000000000174,0.013746326503227468,0.00025097243695495987
LEU  26,R LEU  26,0.0,0.0,0.0,-0.8278226666666678,0.20403561589312855,0.0037251636453042025,-0.24041766666666745,0.20065395557498583,0.0036634232573686406,0.22817433333333406,0.13483369487837735,0.002461715206555202,-0.11369663999999989,0.020868759520623212,0.0003810096778865343,-0.9537626399999982,0.21964006635642225,0.0040100606291781325
GLY  27,R GLY  27,0.0,0.0,0.0,-0.04975100000000026,0.012222097433199788,0.00022314394880631712,0.1507936666666668,0.06342323254577571,0.0011579445045072387,-0.11230566666666672,0.0554999780890842,0.001013286331347796,0.0,0.0,0.0,-0.011262999999999962,0.012965177630869528,0.0002367106750162876
ARG  28,R ARG  28,0.0,0.0,0.0,-0.015895666666666555,0.002524568852080452,4.609211027531288e-05,-0.39054833333333355,0.16769387485501178,0.003061657267117944,0.4445113333333353,0.16726473788046473,0.003053822333743979,0.0,0.0,0.0,0.03806733333333371,0.01132346234839623,0.00020673719190923457
GLY  29,R GLY  29,0.0,0.0,0.0,-0.004002000000000012,0.0007496639247019542,1.3686928070237154e-05,0.05500166666666674,0.01883357809575423,0.00034385251871932613,-0.04293000000000028,0.01785055834794217,0.0003259051157076693,0.0,0.0,0.0,0.008069666666666668,0.006779882979979869,0.00012378316151267737
ALA  30,R ALA  30,0.0,0.0,0.0,-0.001847666666666667,0.00048627278581273795,8.87808579635049e-06,0.023215000000000006,0.016019970089443683,0.0002924832996182119,-0.012714999999999975,0.015930194861750152,0.00029084423570778164,0.0,0.0,0.0,0.008652333333333333,0.0030540892623206702,5.5759786053578116e-05
PHE  31,R PHE  31,0.0,0.0,0.0,-0.005355666666666664,0.0013556675682320058,2.475099025329478e-05,-0.0066860000000000305,0.03713533901824523,0.0006779954286964887,0.03849233333333328,0.04002075221543128,0.0007306756252238853,0.0,0.0,0.0,0.02645066666666683,0.007119239160347007,0.0001299789293465398
GLY  32,R GLY  32,0.0,0.0,0.0,-0.009398999999999928,0.0014939206806254786,2.7275135196734852e-05,0.03712500000000016,0.039036752447746834,0.0007127103295791983,0.023458333333333355,0.04050003617968193,0.0007394261131795715,0.0,0.0,0.0,0.0511843333333338,0.014207498767277652,0.000259392252018827
GLN  33,R GLN  33,0.0,0.0,0.0,-0.043739333333333415,0.007260168929773878,0.0001325519431378431,-0.05981666666666665,0.05873281639954148,0.0010723096135946074,0.07335133333333338,0.062158988877090086,0.0011348626786564986,0.0,0.0,0.0,-0.03020466666666676,0.022704862435659688,0.00041453217736874996
VAL  34,R VAL  34,0.0,0.0,0.0,-1.050166666666667,0.20730833611367747,0.003784915068277467,-0.14345433333333335,0.12085215174427844,0.00220644832111262,0.12291400000000012,0.10433532449431157,0.0019048936923385244,-0.10365560159999998,0.018415044180513294,0.0003362111698373789,-1.1743626015999995,0.231491858924621,0.004226443767060618
ILE  35,R ILE  35,0.0,0.0,0.0,-0.0996253333333336,0.02063210180492328,0.0003766889189099844,0.11126133333333346,0.08441503640676556,0.001541200654420178,-0.08786700000000006,0.08152507984867789,0.0014884375078510245,0.0,0.0,0.0,-0.07623099999999988,0.022110351399287957,0.00040367794052519756
GLU  36,R GLU  36,0.0,0.0,0.0,-0.07206033333333359,0.016919063012535783,0.000308898415460572,1.0374926666666682,0.2622537586884482,0.004788076647472651,-0.9472483333333328,0.25767238371730067,0.004704432566936414,-1.1879999999999762e-06,3.7549069975166404e-05,6.855490879579529e-07,0.018182811999999438,0.029267936525317482,0.0005343569682181919
ALA  37,R ALA  37,0.0,0.0,0.0,-0.014888333333333354,0.0026049690763785827,4.756001082453159e-05,0.04714133333333326,0.017009488280238336,0.00031054934742354303,-0.04306233333333371,0.01868326652084267,0.0003411082173782198,0.0,0.0,0.0,-0.010809333333333358,0.006939571040217422,0.0001266986532712224
ASP  38,R ASP  38,0.0,0.0,0.0,-0.004677333333333302,0.0008115127164059777,1.4816127349261556e-05,0.6277736666666652,0.24952845082920458,0.004555745375282467,-0.6063879999999996,0.24780627942541614,0.0045243029710909585,0.0,0.0,0.0,0.01670833333333337,0.005128410789145299,9.363154244559168e-05
ALA  39,R ALA  39,0.0,0.0,0.0,-0.0025556666666666688,0.0005491519724894006,1.0026097427696704e-05,0.00874633333333327,0.00845876192017619,0.00015443515707487377,-0.004425999999999992,0.009639909612300903,0.00017599986489893617,0.0,0.0,0.0,0.0017646666666666243,0.002955213171479832,5.3954563875196216e-05
PHE  40,R PHE  40,0.0,0.0,0.0,-0.001081000000000015,0.0003262499042145099,5.9564810640728935e-06,0.002595999999999966,0.012662574145883536,0.0002311859165260708,0.0007310000000000081,0.01277270419031653,0.00023319660684590403,0.0,0.0,0.0,0.0022459999999998935,0.0028319870527009025,5.170477304422853e-05
GLY  41,R GLY  41,0.0,0.0,0.0,-0.0005353333333333312,0.0004987499930381342,9.105887391417687e-06,-0.01164499999999985,0.00545187811675945,9.953722084393115e-05,0.018984000000000063,0.006038687274565272,0.00011025084126662639,0.0,0.0,0.0,0.006803666666666942,0.0021129252760622003,3.857656120073658e-05
ILE  42,R ILE  42,0.0,0.0,0.0,-0.0052113333333333525,0.0008736922926422429,1.5951365899952044e-05,-0.01981400000000001,0.012045001895668902,0.00021991064144834483,0.035676666666667016,0.013103083182551184,0.00023922847439832886,0.0,0.0,0.0,0.010651333333333294,0.00597665722252449,0.0001091183326417612
ASP  43,R ASP  43,0.0,0.0,0.0,-0.003377666666666645,0.002142825523047157,3.912246252569113e-05,0.4023996666666665,0.261396827192978,0.004772431290462462,-0.3966459999999997,0.2618031881980571,0.0047798503934282045,0.0,0.0,0.0,0.00237600000000005,0.010290802884129124,0.00018788349581589143
LYS  44,R LYS  44,0.0,0.0,0.0,-0.0010143333333333317,0.0005757266905591492,1.0511283179234752e-05,-0.22152333333333363,0.11789603098587251,0.0021524771870430133,0.22481033333333342,0.1189877880003745,0.0021724098518482544,0.0,0.0,0.0,0.002272666666666197,0.004998098260560626,9.125237206454627e-05
THR  45,R THR  45,0.0,0.0,0.0,-0.0003246666666666668,0.0004682501705522645,8.54903936557055e-06,0.005310666666666703,0.005598049025230975,0.00010220592430462706,-0.0037126666666666775,0.0057181674997813375,0.00010439897757410519,0.0,0.0,0.0,0.001273333333333366,0.0011120351713062757,2.030289160211896e-05
ALA  46,R ALA  46,0.0,0.0,0.0,-0.0002010000000000025,0.00040074805052551886,7.316624904968224e-06,-0.000725666666666631,0.0061643930132836535,0.00011254590355675666,0.0016903333333333347,0.006117551788819512,0.0001116907037147509,0.0,0.0,0.0,0.0007636666666666884,0.0007701600843691166,1.40611350366349e-05
THR  47,R THR  47,0.0,0.0,0.0,-0.000563333333333343,0.0004959726694979073,9.055180633001943e-06,0.0034126666666667044,0.00985584629660096,0.0001799423113317366,0.0021909999999999903,0.009992556513058385,0.00018243828697824145,0.0,0.0,0.0,0.005040333333333382,0.001553503531448278,2.836296424460527e-05
CYS  48,R CYS  48,0.0,0.0,0.0,-0.001045000000000001,0.0003229680066713746,5.896562086879694e-06,-0.002889666666666637,0.011855638316382935,0.0002164533513168501,0.016000000000000004,0.012646817781560748,0.00023089824598727547,0.0,0.0,0.0,0.01206533333333346,0.002603919780297338,4.7540853386758275e-05
ARG  49,R ARG  49,0.0,0.0,0.0,-0.010205333333333287,0.0036241557484316114,6.616772851093371e-05,-0.5891900000000017,0.2760848961823136,0.005040597514184168,0.6925143333333345,0.2974115876377743,0.005429967847087786,0.0,0.0,0.0,0.09311899999999991,0.05189485047349704,0.000947466007423066
THR  50,R THR  50,0.0,0.0,0.0,-0.020775333333333337,0.004222660088406308,7.709487276989645e-05,-0.021367000000000084,0.03670024946781693,0.0006700518166530099,0.04425066666666685,0.039123128277557304,0.0007142873292595457,0.0,0.0,0.0,0.0021083333333333652,0.02129628912640785,0.0003888152648561855
VAL  51,R VAL  51,0.0,0.0,0.0,-0.07119266666666664,0.013247926110233203,0.00024187293235787988,0.005362333333333358,0.09146299277789278,0.0016698781440461323,0.03730366666666671,0.08873525109310021,0.0016200766223191977,0.0,0.0,0.0,-0.02852666666666662,0.05284991916318853,0.0009649030962667636
ALA  52,R ALA  52,0.0,0.0,0.0,-0.7524310000000002,0.1337611798654532,0.0024421338510271515,-0.05173700000000014,0.1006437471033348,0.0018374950186780563,0.09632766666666659,0.08849505617766949,0.0016156912832065494,-0.039410755199999994,0.01433719671882018,0.00026176020180956216,-0.7472510885333327,0.1496556650924766,0.0027323261209862633
VAL  53,R VAL  53,0.0,0.0,0.0,-0.12562300000000026,0.022596184139508396,0.00041254799222497366,0.01789466666666673,0.113321861254668,0.0020689646555884116,0.016590333333333377,0.0935435148645922,0.001707863106655232,0.0,0.0,0.0,-0.091138,0.04371858822057253,0.0007981885650229071
LYS  54,R LYS  54,0.0,0.0,0.0,-1.4256853333333326,0.32400583171432007,0.005915510093105195,2.8171179999999967,1.5978783414503166,0.029173133725376017,-0.7499460000000022,1.2046929394735117,0.021994583260561605,-0.07468091279999987,0.018468753554496772,0.0003371917643600533,0.5668057538666672,1.1927397809505094,0.021776349442012153
MET  55,R MET  55,0.0,0.0,0.0,-0.03263166666666674,0.00569280222932546,0.0001039358732139084,0.016929000000000288,0.04744896864702816,0.0008662956819444235,-0.008465333333333314,0.0514411002819946,0.00093918170024446,0.0,0.0,0.0,-0.024167999999999645,0.01544501352109055,0.0002819860768824529
LEU  56,R LEU  56,0.0,0.0,0.0,-0.010227666666666576,0.001539210150982918,2.8102004014475892e-05,0.06850733333333336,0.02856656459725028,0.0005215517273447486,-0.07220300000000014,0.030535822531358305,0.0005575052937466482,0.0,0.0,0.0,-0.01392333333333336,0.008218523116851454,0.0001500490166825736
LYS  57,R LYS  57,0.0,0.0,0.0,-0.003992333333333344,0.0007656856767340365,1.3979443903528012e-05,-0.1265993333333336,0.19777062673601314,0.003610781115841623,0.14177466666666647,0.19996437155542376,0.0036508332332749996,0.0,0.0,0.0,0.011182999999999893,0.007602818183629597,0.0001388078339928128
GLU  58,R GLU  58,0.0,0.0,0.0,-0.0011816666666666646,0.00047539165140153447,8.679424370741762e-06,0.14655033333333323,0.17327918936374184,0.003163630692024355,-0.14082299999999998,0.17244497964375005,0.003148400175980036,0.0,0.0,0.0,0.004545666666666437,0.0037134774209029147,6.779851167382109e-05
GLY  59,R GLY  59,0.0,0.0,0.0,-0.0003626666666666672,0.00048076975316210915,8.777614625769261e-06,-0.008617333333333229,0.006402621824082948,0.00011689534667417014,0.011188999999999899,0.006349693877135654,0.00011592901899198781,0.0,0.0,0.0,0.0022090000000000607,0.000951832793439418,1.7378009731330818e-05
ALA  60,R ALA  60,0.0,0.0,0.0,-0.0009966666666666646,0.0003130317697755896,5.715152050728476e-06,0.01710600000000018,0.00742370733977757,0.00013553773234376145,-0.011526333333333324,0.007478946442440104,0.00013654625576324858,0.0,0.0,0.0,0.004583000000000131,0.0014874287658016604,2.715660959038794e-05
THR  61,R THR  61,0.0,0.0,0.0,-0.0009303333333333387,0.000329868492315003,6.022547141704888e-06,-0.02401899999999995,0.01194311401324341,0.0002180504317303156,0.023177666666667002,0.01108663314787365,0.00020241330206249684,0.0,0.0,0.0,-0.0017716666666666055,0.0037951983552320465,6.929052497890321e-05
HID  62,R HID  62,0.0,0.0,0.0,-0.0011109999999999922,0.00039329251200597684,7.180506017451496e-06,-0.032768666666666516,0.014193137481034743,0.00025913005200449267,0.03859600000000017,0.014574776750719318,0.0002660977998990273,0.0,0.0,0.0,0.004716333333333562,0.002229917761313867,4.071254197510086e-05
SER  63,R SER  63,0.0,0.0,0.0,-0.0016160000000000002,0.0005524587465745041,1.0086470586329527e-05,-0.05476766666666648,0.017415405667269564,0.000317960351068895,0.06756366666666666,0.018680041395980562,0.0003410493349236282,0.0,0.0,0.0,0.011179999999999971,0.003845291493068717,7.020509636454855e-05
GLU  64,R GLU  64,0.0,0.0,0.0,-0.005017666666666646,0.0009889495549432806,1.805566598257098e-05,-0.3894979999999993,0.14420144704313353,0.002632746179013696,0.4007343333333338,0.14657463998894232,0.0026760745560047493,0.0,0.0,0.0,0.006218666666666771,0.009187283868962158,0.00016773608724113034
HID  65,R HID  65,0.0,0.0,0.0,-0.0042519999999999945,0.0007477718011975772,1.3652382779406053e-05,-0.022824666666666743,0.032758600777336326,0.0005980874866017791,0.025656333333333364,0.031183685262578437,0.0005693335948151873,0.0,0.0,0.0,-0.0014203333333333492,0.007389473586723727,0.00013491271238457307
ARG  66,R ARG  66,0.0,0.0,0.0,-0.005440333333333287,0.0013841145986596677,2.5270359595270326e-05,0.3961299999999995,0.10884052140632046,0.001987146958162187,-0.37941899999999995,0.10259411340649996,0.001873103672666107,0.0,0.0,0.0,0.011270666666666547,0.010856000163759698,0.00019820253913236546
ALA  67,R ALA  67,0.0,0.0,0.0,-0.020719000000000043,0.008089295746025503,0.00014768965848095832,-0.17137700000000025,0.03874422371140972,0.0007073695099921876,0.18625333333333294,0.04379474651396271,0.000799579018863937,-2.9332799999999985e-05,0.00048229839357410216,8.80552365363468e-06,-0.005871999466666616,0.014022097019243231,0.00025600729469884897
LEU  68,R LEU  68,0.0,0.0,0.0,-0.06597133333333323,0.015176094520293578,0.00027707631011984453,-0.09047066666666671,0.04344317905289887,0.0007931603045669543,0.0759053333333332,0.04140903731742091,0.0007560221274441548,0.0,0.0,0.0,-0.08053666666666652,0.02776607022168507,0.0005069367664563127
MET  69,R MET  69,0.0,0.0,0.0,-0.015629333333333176,0.0030967627541614857,5.65388938565357e-05,-0.003238000000000042,0.034215971260996625,0.0006246953095532112,0.0004616666666666768,0.034138275643167786,0.0006232767881364059,0.0,0.0,0.0,-0.01840566666666679,0.01334335419683584,0.00024361520287960724
SER  70,R SER  70,0.0,0.0,0.0,-0.049374666666666824,0.019489628649331653,0.00035583030828792965,-0.017540333333333307,0.07317688414535166,0.001336021004478375,0.06497866666666671,0.07239640100324185,0.0013217713970555065,-2.41608e-05,0.0005147165387505631,9.397395299822178e-06,-0.0019604941333333592,0.02572805011161974,0.00046972778022524793
GLU  71,R GLU  71,0.0,0.0,0.0,-1.0168810000000017,0.4060192107593735,0.007412862683778436,-5.485504333333336,1.0856627656173299,0.019821399552401853,6.242632333333328,1.1518101292406377,0.021029079658267932,-0.14956536959999997,0.031928691510836923,0.0005829354857369696,-0.4093183695999993,0.9263976196360351,0.01691362911645824
LEU  72,R LEU  72,0.0,0.0,0.0,-0.0922693333333338,0.01861805914218836,0.00033991769897139494,0.00421466666666674,0.04417149063467173,0.0008064573939745964,-0.010922333333333355,0.04449897715553573,0.0008124364524664665,0.0,0.0,0.0,-0.09897700000000033,0.032682846739535656,0.0005967044134242616
LYS  73,R LYS  73,0.0,0.0,0.0,-0.0356093333333334,0.006035565112084054,0.0001101938386393211,0.5211393333333328,0.15924630373383675,0.0029074264251447183,-0.4505470000000008,0.1569235454746425,0.002865018855338314,0.0,0.0,0.0,0.03498299999999986,0.021092811832470384,0.00038510029472853025
ILE  74,R ILE  74,0.0,0.0,0.0,-0.7100346666666666,0.22964596258492162,0.004192742464924965,0.08080766666666647,0.08300258635260861,0.0015154129625531395,-0.12385500000000027,0.07413129326854238,0.0013534460513403845,-0.14885668319999978,0.03631200568862497,0.0006629634874638603,-0.9019386832000008,0.2688891744423435,0.004909222210367104
LEU  75,R LEU  75,0.0,0.0,0.0,-1.9307106666666685,0.32764393115019175,0.005981932397354319,0.01024533333333333,0.1377673249052752,0.0025152757179254166,0.21507133333333336,0.13507008148200497,0.0024660310157251647,-0.20899086719999999,0.031836336278771145,0.0005812493176067678,-1.9143848671999983,0.3423764054744893,0.006250909347863767
ILE  76,R ILE  76,0.0,0.0,0.0,-0.03845000000000016,0.006105639469647256,0.0001114732155173227,0.036732666666666615,0.02474539417525765,0.0004517870194715187,0.023279000000000036,0.030331015352825313,0.0005537660433592647,0.0,0.0,0.0,0.02156166666666669,0.011399687008373736,0.00020812885743282927
HIE  77,R HIE  77,0.0,0.0,0.0,-0.041155000000000136,0.008556964512409811,0.00015622808290726827,0.10173800000000009,0.06572910585121314,0.0012000437986451412,-0.04023600000000003,0.06632090900060611,0.0012108485964626456,0.0,0.0,0.0,0.02034699999999987,0.018846465389209355,0.0003440878074303448
ILE  78,R ILE  78,0.0,0.0,0.0,-0.8896366666666675,0.23162747387897392,0.004228919746048422,-0.02197533333333328,0.06952999394665751,0.0012694382035927324,0.1013586666666665,0.06531193886436268,0.0011924274063469925,-0.13122288960000011,0.03673205889446136,0.0006706325746701586,-0.9414762229333331,0.2509564570932259,0.004581817083384572
GLY  79,R GLY  79,0.0,0.0,0.0,-0.03302300000000033,0.00846655012386786,0.00015457734956968617,-0.03853866666666674,0.09528736802372553,0.0017397013637296978,0.07166999999999979,0.09460115802673899,0.0017271729405785284,-2.8468800000000008e-05,0.0005551081656637381,1.0134842139644801e-05,7.986453333315136e-05,0.015396445481706352,0.0002810993498576354
HID  80,R HID  80,0.0,0.0,0.0,-0.027857666666666926,0.007001624184587293,0.00012783158350240583,-0.061272333333333165,0.055693627713490845,0.0010168218735991266,0.19386566666666705,0.06228766294022708,0.0011372119348880309,0.0,0.0,0.0,0.10473566666666691,0.028641958636858297,0.0005229282278845736
HID  81,R HID  81,0.0,0.0,0.0,-0.03813766666666678,0.007550014208962843,0.00013784376972444907,0.0054849999999997765,0.053139173638663155,0.0009701841363026562,-0.07870833333333331,0.05011626413207129,0.0009149936121007504,0.0,0.0,0.0,-0.11136100000000036,0.03831310496857865,0.0006994983946451262
LEU  82,R LEU  82,0.0,0.0,0.0,-0.014976999999999973,0.0021963160822924227,4.009906205609775e-05,0.06633766666666685,0.03370600808790906,0.0006153846984399788,-0.06720999999999983,0.03780292625357671,0.0006901838482929407,0.0,0.0,0.0,-0.015849333333333347,0.02516497498950126,0.0004594474820267723
ASN  83,R ASN  83,0.0,0.0,0.0,-0.04541166666666669,0.008965165766576076,0.0001636807840708937,-0.12400199999999977,0.05677052048378695,0.0010364831556759736,0.25478233333333333,0.07476592107742358,0.0013650327168918616,0.0,0.0,0.0,0.08536866666666633,0.04170282266492586,0.0007613858895072533
VAL  84,R VAL  84,0.0,0.0,0.0,-0.6832180000000008,0.20734261133688914,0.0037855408453746856,0.18569733333333366,0.3590574527744661,0.006555462210830699,0.2378746666666671,0.13280001615796308,0.0024245854828922305,-0.04792272240000011,0.018507856545570574,0.0003379056840359548,-0.3075687223999993,0.39034264912292593,0.007126649136031689
VAL  85,R VAL  85,0.0,0.0,0.0,-1.7560863333333325,0.3971611128327584,0.007251136682078542,0.06816933333333362,0.43136072838505984,0.007875533378611875,0.35177333333333316,0.39437441848522153,0.007200258836911273,-0.11906299440000005,0.030215256683925006,0.0005516525888864822,-1.4552066610666667,0.43254830756988866,0.007897215508890354
ASN  86,R ASN  86,0.0,0.0,0.0,-0.18081166666666604,0.04675750418085169,0.0008536713257498196,-0.016947666666666337,0.12567158891818905,0.002294438802933613,0.22007633333333343,0.13750655198894568,0.002510514677636747,-1.5057600000000008e-05,0.00025607303747610783,4.675232633151e-06,0.022301942400000337,0.062124969704504394,0.001134241576382737
LEU  87,R LEU  87,0.0,0.0,0.0,-0.12782033333333334,0.021439139905529238,0.00039142335132558463,-0.041860333333333326,0.10322184923691738,0.001884564508481902,0.1152686666666665,0.1069955006136031,0.0019534616412542755,0.0,0.0,0.0,-0.05441200000000022,0.022681275449145204,0.0004141015398828315
LEU  88,R LEU  88,0.0,0.0,0.0,-0.03674300000000004,0.004804888240114434,8.772485584673248e-05,-0.07363766666666668,0.08971502502120551,0.0016379647650418218,0.12860366666666653,0.09175268889732299,0.0016751672473605869,0.0,0.0,0.0,0.018222999999999958,0.009893631166900594,0.00018063216552492047
GLY  89,R GLY  89,0.0,0.0,0.0,-0.01082533333333322,0.0013806368900697126,2.520686561383206e-05,0.06500266666666674,0.08391486951799568,0.0015320688981702965,-0.07448699999999997,0.08451356398630087,0.0015429995136817737,0.0,0.0,0.0,-0.020309666666666566,0.009765301150274349,0.0001782891906945469
ALA  90,R ALA  90,0.0,0.0,0.0,-0.007374666666666632,0.0009846953279515065,1.7977994779632913e-05,0.007542999999999973,0.02227065672583503,0.0004066047019731331,0.011661999999999999,0.022934553756286412,0.0004187257479544302,0.0,0.0,0.0,0.011830333333333224,0.005864146418893846,0.00010706417580470993
CYS  91,R CYS  91,0.0,0.0,0.0,-0.003767333333333333,0.0005841228942227738,1.0664576184033909e-05,0.020522333333333323,0.02300280058070237,0.00041997175879478736,-0.028197333333333432,0.02479936275166924,0.000452772346361421,0.0,0.0,0.0,-0.011442333333333322,0.006120240291216096,0.00011173978882836809
THR  92,R THR  92,0.0,0.0,0.0,-0.0025389999999999987,0.0005352373305367029,9.772051985126694e-06,-0.016901333333333365,0.019142507626280815,0.0003494927744709558,0.029249333333333544,0.019239798150938903,0.0003512690483038474,0.0,0.0,0.0,0.009809000000000035,0.005970470584468218,0.0001090053806011432
LYS  93,R LYS  93,0.0,0.0,0.0,-0.0008310000000000002,0.00037741091664121135,6.890549083103111e-06,-0.04214033333333329,0.16081216570859577,0.002936015022661888,0.04432333333333351,0.16049724230929666,0.0029302653343391436,0.0,0.0,0.0,0.0013520000000000322,0.002219481020419195,4.0521994027939246e-05
PRO  94,R PRO  94,0.0,0.0,0.0,-0.000386999999999999,0.00048706365087121384,8.892524950766152e-06,0.012392666666666712,0.009998923919880416,0.00018255453938988275,-0.012962666666666666,0.010077232071468012,0.00018398424409191808,0.0,0.0,0.0,-0.000956999999999967,0.000913136170933262,1.6671509296468026e-05
GLY  95,R GLY  95,0.0,0.0,0.0,-0.00019833333333333318,0.00039874455760827897,7.280046296149086e-06,0.009644000000000002,0.004878858882976675,8.907536883635941e-05,-0.0077939999999999425,0.00488107542794961,8.911583722573945e-05,0.0,0.0,0.0,0.0016516666666666262,0.0008822304435664736,1.6107250495304868e-05
GLY  96,R GLY  96,0.0,0.0,0.0,-0.0004186666666666635,0.000493340540487886,9.007124751900195e-06,-0.018272666666666416,0.005599849958307372,0.00010223880469364372,0.02610466666666686,0.005830012426133522,0.00010644097721095836,0.0,0.0,0.0,0.007413333333333495,0.0015480597174811475,2.8263574254316632e-05
PRO  97,R PRO  97,0.0,0.0,0.0,-0.0020223333333333334,0.0004688651784419027,8.560267822043834e-06,0.015217999999999926,0.014789404180020201,0.00027001634271527525,-0.011427000000000045,0.01488699670853721,0.000271798130359033,0.0,0.0,0.0,0.001768666666666294,0.004387385503412807,8.010233362301177e-05
LEU  98,R LEU  98,0.0,0.0,0.0,-0.007675999999999948,0.001330547756877762,2.4292367342661657e-05,0.022768,0.015734723045968586,0.0002872754249457797,0.032152666666666996,0.01946131272265231,0.000355313332561965,0.0,0.0,0.0,0.04724466666666683,0.010812591651505865,0.00019741001175406
MET  99,R MET  99,0.0,0.0,0.0,-0.014942999999999873,0.0022069022784599523,4.0292338670735444e-05,-0.04581600000000005,0.07056614493272755,0.001288355645861125,0.10333400000000019,0.0693632451470755,0.0012663938009604663,0.0,0.0,0.0,0.042575000000000134,0.01493605397463903,0.0002726937894008164
VAL 100,R VAL 100,0.0,0.0,0.0,-0.16465033333333357,0.051728355214737606,0.0009444262337917259,0.09288066666666674,0.10214037608224397,0.0018648196004102055,-0.0745846666666667,0.11510272005860184,0.0021014785402099527,-0.002135323199999966,0.0033631129560842896,6.140176098284155e-05,-0.14848965653333288,0.07902071750456688,0.0014427143162498205
ILE 101,R ILE 101,0.0,0.0,0.0,-0.06824433333333321,0.00915062663913609,0.00016706682085208406,-0.00998199999999991,0.05387758045792321,0.0009836655386868019,-0.038818666666666675,0.06732133726802791,0.0012291138341037366,0.0,0.0,0.0,-0.11704499999999993,0.042352870524518714,0.0007732540853791518
VAL 102,R VAL 102,0.0,0.0,0.0,-1.0082173333333333,0.3551097944292101,0.006483388159996691,-0.10332200000000027,0.25686020124314,0.004689604211539476,0.3069863333333331,0.15853111412765375,0.0028943689091380626,-0.0930209399999997,0.022415034540843495,0.0004092406681759145,-0.897573939999999,0.4085200507373313,0.007458521566066377
GLU 103,R GLU 103,0.0,0.0,0.0,-0.6232010000000006,0.1319222571529697,0.0024085598693226254,-0.8540329999999974,0.7911942773918899,0.014445165103217925,0.2526133333333337,0.6204124003345584,0.011327128887305441,-0.020725257600000064,0.007816618771527624,0.00014271128081946665,-1.2453459242666685,0.3695669324615955,0.006747338180573469
PHE 104,R PHE 104,0.0,0.0,0.0,-0.729948333333333,0.23963394096807009,0.004375097167069112,-1.1385353333333326,0.2903288481789126,0.005300655308069436,0.5942126666666658,0.14387748992189184,0.0026268315582480785,-0.012037742400000037,0.009172509247801334,0.00016746634079818447,-1.2863087424000015,0.2969110576267701,0.005420829461163276
CYS 105,R CYS 105,0.0,0.0,0.0,-0.5645666666666669,0.25663731650370486,0.0046855349115557336,-1.0941439999999991,0.5967495895242292,0.010895107045478962,0.844723000000001,0.2755035503782081,0.005029983640496851,-0.03627204240000008,0.013694655836474133,0.0002500290639635554,-0.8502597090666657,0.4122529755606577,0.007526675137106606
LYS 106,R LYS 106,0.0,0.0,0.0,-0.048569000000000195,0.014205605900487663,0.0002593576931575194,-0.6385323333333329,0.12114950386976113,0.0022118772033342528,0.701121666666666,0.12944257747700116,0.0023632873195254564,0.0,0.0,0.0,0.014020333333333123,0.022172984761240865,0.00040482146403166404
PHE 107,R PHE 107,0.0,0.0,0.0,-0.02403233333333328,0.004886575613067207,8.921625640771819e-05,-0.0289983333333334,0.031230876771056067,0.0005701951899390504,0.057593000000000054,0.030353704073802758,0.0005541802808352741,0.0,0.0,0.0,0.004562333333333396,0.01351653732367229,0.0002467770797178607
GLY 108,R GLY 108,0.0,0.0,0.0,-0.06903533333333321,0.021651514609581014,0.00039530076519400604,-0.16018300000000013,0.06934825768779855,0.001266120168642944,0.2080656666666668,0.0736293557028848,0.0013442819671013882,-0.013008734399999732,0.008749210195259038,0.00015973799280991847,-0.034161401066666854,0.03052267801203268,0.0005572653087552412
ASN 109,R ASN 109,0.0,0.0,0.0,-0.05027533333333339,0.012507978449328275,0.00022836339818285283,-0.29201399999999944,0.09372114562537884,0.0017111061858082202,0.35840633333333394,0.0942737921864901,0.0017211960854031634,-6.012000000000017e-06,0.00013945511742492666,2.5460904524388026e-06,0.016110987999999594,0.023870905352285532,0.0004358211109839196
LEU 110,R LEU 110,0.0,0.0,0.0,-0.011034333333333243,0.0014981615029395381,2.7352561664860907e-05,-0.01692033333333318,0.0294582074565915,0.000537830824254735,0.04712200000000028,0.030117366795034746,0.00054986537220992,0.0,0.0,0.0,0.019167333333333654,0.007484829071009164,0.00013665365737540518
SER 111,R SER 111,0.0,0.0,0.0,-0.003867333333333336,0.0006656321974047147,1.2152725650676464e-05,-0.07487266666666675,0.03862888107218352,0.0007052636511473086,0.09509466666666692,0.04562821902677592,0.0008330534939917195,0.0,0.0,0.0,0.016354666666666684,0.01121913001182464,0.00020483235276865186
THR 112,R THR 112,0.0,0.0,0.0,-0.004723666666666648,0.0009472626644997254,1.7294570974298255e-05,-0.0634316666666665,0.041775247821594086,0.0007627081859085211,0.08533533333333324,0.04640442024443585,0.0008472249245275636,0.0,0.0,0.0,0.017179999999999997,0.00873065098756474,0.00015939914958646543
TYR 113,R TYR 113,0.0,0.0,0.0,-0.004541333333333325,0.0007700378057096904,1.4058902543965927e-05,-0.03889799999999996,0.01906370712462106,0.0003480540807275634,0.04927900000000026,0.019181740249517954,0.0003502090608955252,0.0,0.0,0.0,0.005839666666666612,0.003126972959411191,5.709045421927319e-05
LEU 114,R LEU 114,0.0,0.0,0.0,-0.0016816666666666705,0.0004750409339086852,8.673021174670254e-06,-0.01640800000000002,0.012170929956251745,0.00022220976276181482,0.026034666666666904,0.01245515147327419,0.00022739891396853255,0.0,0.0,0.0,0.007945000000000067,0.0029434630964223244,5.374003783648369e-05
ARG 115,R ARG 115,0.0,0.0,0.0,-0.0013559999999999978,0.0005271912998776727,9.625152235449062e-06,-0.3940070000000004,0.14641898881064655,0.0026732327672895875,0.40222933333333216,0.14911454681850975,0.002722446698155266,0.0,0.0,0.0,0.006866333333333017,0.006622169827346371,0.00012090372646892328
SER 116,R SER 116,0.0,0.0,0.0,-0.0006716666666666474,0.0004696068095284793,8.573808091226003e-06,-0.027021666666666812,0.014189075512128783,0.0002590558909379034,0.03396700000000026,0.014171423511182979,0.0002587336109677994,0.0,0.0,0.0,0.006273666666666564,0.0021262110013407385,3.8819124248332315e-05
LYS 117,R LYS 117,0.0,0.0,0.0,-0.0007853333333333272,0.00041221138051029385,7.5259157188611105e-06,-0.39815600000000023,0.09223530595167279,0.0016839785889373896,0.40264833333333333,0.0924277303116021,0.0016874917610222822,0.0,0.0,0.0,0.003706999999999979,0.001986911590047824,3.6275876587921676e-05
ARG 118,R ARG 118,0.0,0.0,0.0,-0.00038433333333333115,0.00048643727470478815,8.881088938904986e-06,-0.24490299999999957,0.08696937156838455,0.0015878362206684221,0.24609299999999992,0.08673332126505054,0.0015835265514736897,0.0,0.0,0.0,0.0008056666666665061,0.0021469127964491444,3.919708558705645e-05
ASN 119,R ASN 119,0.0,0.0,0.0,-0.00012366666666666881,0.0003292008842974544,6.0103583426788e-06,-0.015014333333333239,0.010372823204037507,0.00018938097512881182,0.014992666666666637,0.010369857579649994,0.00018932683048300755,0.0,0.0,0.0,-0.00014533333333309885,0.0006803515431175032,1.242146290663017e-05
GLU 120,R GLU 120,0.0,0.0,0.0,-0.00021499999999999544,0.00041082234603292235,7.500555534980818e-06,0.262269666666667,0.06402205047134175,0.0011688773740296044,-0.25999999999999934,0.0634450733574602,0.001158343261348366,0.0,0.0,0.0,0.0020546666666667736,0.0011019731797501664,2.0119185610495376e-05
PHE 121,R PHE 121,0.0,0.0,0.0,-0.00022966666666666727,0.0004206184599953869,7.679407288085257e-06,-0.0015893333333332766,0.0034107701313470145,6.22718579801206e-05,0.0012053333333333362,0.003415724162685805,6.23623058039487e-05,0.0,0.0,0.0,-0.0006136666666666334,0.0007241638089702661,1.3221361783395889e-05
VAL 122,R VAL 122,0.0,0.0,0.0,-9.499999999999709e-05,0.0002932149382279058,5.353347862163595e-06,0.002529333333333322,0.002314693548230907,4.226032900259133e-05,-0.0023176666666666515,0.0023140342598059783,4.2248292097850145e-05,0.0,0.0,0.0,0.00011666666666665555,0.0006611017739769785,1.2070011813795764e-05
PRO 123,R PRO 123,0.0,0.0,0.0,-7.100000000000091e-05,0.0002568248430350959,4.688958661934852e-06,-0.0028970000000000267,0.0017666515408156713,3.225449667186673e-05,0.002559333333333338,0.001795312291001822,3.277776798493256e-05,0.0,0.0,0.0,-0.00040866666666662134,0.0006421252906472274,1.1723550214401583e-05
TYR 124,R TYR 124,0.0,0.0,0.0,-5.966666666666557e-05,0.00023686822403090157,4.324602315263735e-06,0.006248999999999958,0.002273689879176064,4.1511707853197535e-05,-0.006228666666666656,0.0022690037951097228,4.142615205488084e-05,0.0,0.0,0.0,-3.933333333335198e-05,0.000628054845446445,1.1466660206714622e-05
LYS 125,R LYS 125,0.0,0.0,0.0,-5.7333333333333234e-05,0.00023247843388628966,4.244456079099808e-06,-0.05841466666666697,0.05511707586180077,0.001006295525107726,0.05835499999999986,0.05498586159186769,0.0010038998912574285,0.0,0.0,0.0,-0.00011700000000031677,0.0006449633064498984,1.177536505685755e-05
VAL 126,R VAL 126,0.0,0.0,0.0,-4.6333333333333265e-05,0.00021020598363404245,3.837818631964227e-06,0.0005430000000000514,0.0028894320664563846,5.27535707058976e-05,-0.000536666666666665,0.0029012621774362904,5.296955799394706e-05,0.0,0.0,0.0,-3.9999999999944526e-05,0.0006317172363223115,1.153352600995173e-05
ALA 127,R ALA 127,0.0,0.0,0.0,-1.9000000000000425e-05,0.00013652472303579612,2.4925890154616907e-06,0.00044733333333328557,0.0015995497977729265,2.9203650203101953e-05,-0.00044566666666666827,0.0015919740017419442,2.9065335723861045e-05,0.0,0.0,0.0,-1.7333333333370503e-05,0.0005907900548323824,1.0786301326046995e-05
PRO 128,R PRO 128,0.0,0.0,0.0,-2.5000000000000503e-05,0.00015612494995996304,2.850438562747901e-06,0.004099666666666724,0.0017469210692592871,3.189426919381187e-05,-0.004070000000000009,0.0017625076831984472,3.217884052879862e-05,0.0,0.0,0.0,4.666666666697239e-06,0.0005955206872048021,1.087267046143494e-05
GLU 129,R GLU 129,0.0,0.0,0.0,-6.599999999999995e-05,0.00024828209762284487,4.532990183091064e-06,0.10873033333333344,0.0453217418011359,0.0008274580109968983,-0.10843900000000002,0.04513104192976921,0.000823976323621536,0.0,0.0,0.0,0.0002253333333333766,0.0007163971586270651,1.3079562797088341e-05
ASP 130,R ASP 130,0.0,0.0,0.0,-4.8666666666664416e-05,0.00021517021685683602,3.9284527158589145e-06,0.1308566666666668,0.03716969359871327,0.0006786226546523544,-0.1306176666666667,0.03706454938647179,0.0006767029927578287,0.0,0.0,0.0,0.00019033333333342976,0.0006251185665312937,1.1413051333482784e-05
LEU 131,R LEU 131,0.0,0.0,0.0,-4.666666666666715e-05,0.0002109238935940869,3.850925814610026e-06,0.006987333333333301,0.0024927574201185536,4.55113156462438e-05,-0.006923666666666645,0.0024773318756723447,4.522968502441089e-05,0.0,0.0,0.0,1.699999999996364e-05,0.0006121364227033087,1.1176030899503989e-05
TYR 132,R TYR 132,0.0,0.0,0.0,-0.00012633333333333436,0.0003322246562526988,6.065564612966763e-06,0.006833666666666801,0.004140772861301275,7.559982338799729e-05,-0.006616666666666658,0.004088486544214455,7.464521021075332e-05,0.0,0.0,0.0,9.066666666671478e-05,0.0007007944697901928,1.2794697975965375e-05
LYS 133,R LYS 133,0.0,0.0,0.0,-0.00015600000000000488,0.00036285534307766267,6.624801883830395e-06,-0.17117566666666692,0.05264196812324641,0.000961106447085665,0.17135966666666683,0.052843343698351336,0.0009647830452528498,0.0,0.0,0.0,2.799999999995014e-05,0.0009440423719303721,1.7235776744898222e-05
ASP 134,R ASP 134,0.0,0.0,0.0,-0.00013766666666666663,0.0003445497867588304,6.29058967971354e-06,0.22279299999999996,0.05236923541227799,0.0009561270518201004,-0.22155933333333308,0.05189491766594584,0.0009474672341837293,0.0,0.0,0.0,0.001096000000000084,0.0009281436670401268,1.6945507434781386e-05
PHE 135,R PHE 135,0.0,0.0,0.0,-0.0001536666666666712,0.0003606289259366612,6.58415325414564e-06,0.0021440000000000907,0.0046948124563181756,8.571515618605674e-05,-0.0013963333333333312,0.0045795108787826866,8.361004702165279e-05,0.0,0.0,0.0,0.0005940000000000411,0.000727894681026353,1.3289477876205373e-05
LEU 136,R LEU 136,0.0,0.0,0.0,-0.00045600000000001016,0.00049806023732076,9.093294232565222e-06,-0.008697666666666668,0.004793703636600336,8.752065385868504e-05,0.011057666666666723,0.0048652174897139515,8.882631220949965e-05,0.0,0.0,0.0,0.0019040000000000142,0.0010674505453025472,1.9488891422779844e-05
THR 137,R THR 137,0.0,0.0,0.0,-0.00017600000000000252,0.00038082016753318684,6.9527932036940975e-06,0.014271333333333316,0.007464697686816195,0.00013628611026752878,-0.013718000000000162,0.0076066512123709835,0.0001388778152029869,0.0,0.0,0.0,0.0003773333333332299,0.0010432095773248615,1.9046313923541882e-05
LEU 138,R LEU 138,0.0,0.0,0.0,-0.0002063333333333306,0.00040467256997341137,7.388276499267505e-06,0.002542666666666752,0.005801624446844398,0.00010592268599033694,-0.0016436666666666587,0.006008718101410828,0.00010970368152774415,0.0,0.0,0.0,0.0006926666666667704,0.0010879091056801454,1.9862411923209576e-05
GLU 139,R GLU 139,0.0,0.0,0.0,-0.00025033333333334464,0.0004332049809911868,7.909204670415656e-06,0.09157800000000008,0.07741983756979422,0.001413486381178741,-0.0903343333333335,0.07720931218375697,0.001409642731083405,0.0,0.0,0.0,0.0009933333333333844,0.001399507850003698,2.5551400628419396e-05
HID 140,R HID 140,0.0,0.0,0.0,-0.0006616666666666795,0.00047314256719185,8.638361898895999e-06,0.005780333333333324,0.00990091308359433,0.00018076511452608823,0.0025996666666666672,0.010080777080937482,0.00018404896681368466,0.0,0.0,0.0,0.007718333333333373,0.002354215486219278,4.298189756767637e-05
LEU 141,R LEU 141,0.0,0.0,0.0,-0.000663,0.000472684884463208,8.63000579374074e-06,-0.004991000000000179,0.010402832258572633,0.00018992886299875486,0.006637000000000013,0.01089075591193416,0.00019883708937496952,0.0,0.0,0.0,0.0009829999999999334,0.002547033110634125,4.650224964689538e-05
ILE 142,R ILE 142,0.0,0.0,0.0,-0.0005056666666666667,0.0004999678878576989,9.128123006929163e-06,-0.012516333333333378,0.00936851463976837,0.0001710448932839507,0.01606300000000017,0.010112155935638047,0.0001846218636986239,0.0,0.0,0.0,0.0030410000000000866,0.002891479263860118,5.279094724582063e-05
CYS 143,R CYS 143,0.0,0.0,0.0,-0.0008930000000000104,0.0003176229420764497,5.798975005214275e-06,-0.02354566666666678,0.014404533356628784,0.0002629895949920397,0.037058666666667045,0.015936119087014873,0.00029095239676822264,0.0,0.0,0.0,0.01261999999999981,0.004960873578984338,9.057274547137028e-05
TYR 144,R TYR 144,0.0,0.0,0.0,-0.003314333333333331,0.0005178750385524585,9.455061352801303e-06,-0.027297999999999885,0.018891299478860646,0.00034490636217191883,0.023977666666666744,0.018932595381745215,0.0003456603187566662,0.0,0.0,0.0,-0.006634666666666423,0.007193228173466838,0.00013132977772964904
SER 145,R SER 145,0.0,0.0,0.0,-0.0013970000000000145,0.0004892759957325056,8.932916656949824e-06,-0.03176966666666655,0.016761283161566727,0.0003060177626773868,0.04099733333333383,0.017782350600773437,0.0003246598183169718,0.0,0.0,0.0,0.007830666666666859,0.005888802330600715,0.0001075143291053002
PHE 146,R PHE 146,0.0,0.0,0.0,-0.0019469999999999826,0.00039351958866936797,7.1846518511455736e-06,-0.04671333333333328,0.010544626857104418,0.00019251766633702978,0.057754000000000076,0.012630366212688815,0.0002305978828080252,0.0,0.0,0.0,0.009093666666666627,0.006015277207983791,0.00010982343388198056
GLN 147,R GLN 147,0.0,0.0,0.0,-0.00593466666666667,0.0008357022329890409,1.525776547885119e-05,-0.057444333333333264,0.029622416644981327,0.0005408288601424259,0.09460733333333375,0.03283033880760399,0.0005993972378487321,0.0,0.0,0.0,0.031228333333333472,0.014850146931558984,0.0002711253485560327
VAL 148,R VAL 148,0.0,0.0,0.0,-0.013157666666666597,0.002074160365599619,3.786881400406912e-05,-0.10900233333333328,0.017768501940855348,0.00032440697753602664,0.12278966666666645,0.021428581222801082,0.00039123057703532627,0.0,0.0,0.0,0.0006296666666667715,0.013429836927114521,0.00024519415428654953
ALA 149,R ALA 149,0.0,0.0,0.0,-0.0033449999999999895,0.0005938363972230186,1.0841919674221516e-05,-0.06557566666666653,0.01282872848553336,0.00023421946585452358,0.07551699999999993,0.014098547596589506,0.0002574030848904106,0.0,0.0,0.0,0.006596333333333381,0.008339827329680501,0.00015226371847213614
LYS 150,R LYS 150,0.0,0.0,0.0,-0.00646966666666665,0.0010694608714469907,1.9525594788688313e-05,0.20317533333333362,0.19374087830111827,0.0035372083118795214,-0.118585,0.19623202110851645,0.003582690148865479,0.0,0.0,0.0,0.07812066666666675,0.019656384193323315,0.00035887483405570554
GLY 151,R GLY 151,0.0,0.0,0.0,-0.02518533333333346,0.0063011891646635445,0.00011504344815311193,-0.16414133333333322,0.05293173614718864,0.0009663968631908937,0.23791766666666692,0.057502425060936155,0.0010498458439041703,-7.92e-07,3.066380172124781e-05,5.598418633864388e-07,0.04859020799999994,0.021813046877485767,0.00039824992742388605
MET 152,R MET 152,0.0,0.0,0.0,-0.0474306666666667,0.012221041672276431,0.00022312467333721528,-0.1745776666666671,0.043154775338951346,0.0007878947972403767,0.11784699999999972,0.039204390795760234,0.0007157709730695263,0.0,0.0,0.0,-0.10416133333333297,0.03223251936924724,0.0005884825981252967
GLU 153,R GLU 153,0.0,0.0,0.0,-0.006434000000000038,0.0010540290951078527,1.9243850388577636e-05,-0.582304,0.1609164242207765,0.0029379185139596655,0.5762566666666669,0.16217021548018576,0.0029608095057990407,0.0,0.0,0.0,-0.012481333333333554,0.009707161525847408,0.00017722771123509641
PHE 154,R PHE 154,0.0,0.0,0.0,-0.06634766666666668,0.027147611212693018,0.0004956453014524048,0.09258800000000028,0.04187435479303868,0.0007645176233707286,-0.054657999999999984,0.04868235514708232,0.0008888141355511571,-5.373360000000005e-05,0.0009207691682452455,1.681086812343968e-05,-0.028471400266666714,0.0358788206070033,0.0006550546461045635
LEU 155,R LEU 155,0.0,0.0,0.0,-0.5671916666666662,0.1680031852790021,0.0030673044770009768,0.15439099999999978,0.05962442552343825,0.0010885880945824633,-0.08244833333333353,0.04693397487132466,0.0008568932250135047,-0.06632589120000006,0.02074846742993017,0.00037881345483446646,-0.5615748912000005,0.17337376438975027,0.0031653573878617372
ALA 156,R ALA 156,0.0,0.0,0.0,-0.0075829999999999405,0.0015814901201087381,2.887392710850368e-05,-0.006771666666666732,0.014874683096530934,0.00027157331559035956,0.0008809999999999947,0.015346644769025808,0.0002801901174004698,0.0,0.0,0.0,-0.013473666666666738,0.008015649686013458,0.00014634507153629242
SER 157,R SER 157,0.0,0.0,0.0,-0.004517999999999977,0.0008719762993718799,1.5920036292528546e-05,0.062247666666666535,0.025712739927039114,0.0004694482557767687,-0.025175000000000145,0.022652013339509794,0.0004135672892985814,0.0,0.0,0.0,0.032554666666666385,0.010345708203029545,0.00018888592520551728
ARG 158,R ARG 158,0.0,0.0,0.0,-0.02834933333333326,0.0061854102172411995,0.00011292962344686449,0.768927,0.19253748121080397,0.0035152373874794804,-0.6677643333333326,0.18893777669175324,0.003449516075298235,0.0,0.0,0.0,0.0728133333333337,0.01867177430121644,0.0003408983991140501
LYS 159,R LYS 159,0.0,0.0,0.0,-0.009919333333333264,0.002453873038461823,4.4801387213976086e-05,0.6371996666666679,0.12926983071552436,0.0023601334095922294,-0.5967493333333337,0.12684801863998157,0.0023159173727984564,0.0,0.0,0.0,0.03053100000000004,0.009391327861383676,0.00017146140382021962
CYS 160,R CYS 160,0.0,0.0,0.0,-0.12201166666666667,0.078213060698894,0.0014279685878768337,0.12475266666666672,0.13796627181871465,0.002518907974999977,-0.026711666666666703,0.13120706992087805,0.0023955023966607493,-0.01772107679999982,0.022748678263906766,0.00041533214128563984,-0.0416917434666668,0.10343092251554123,0.0018883816468443636
ILE 161,R ILE 161,0.0,0.0,0.0,-0.08027866666666664,0.02658839994350047,0.000485435547234143,-0.24321233333333353,0.09939048871943737,0.0018146137557699532,0.36270033333333335,0.11906794642789158,0.0021738733378124293,-0.016423941599999974,0.01916714639140494,0.0003499426147192076,0.022785391733333472,0.024835427381631702,0.00045343079340670487
HIE 162,R HIE 162,0.0,0.0,0.0,-0.5253563333333314,0.1685128185823216,0.0030766090655437754,-0.2522963333333336,0.22539782870860933,0.0041151825065463615,0.5012209999999999,0.24140497128062538,0.0044074316088095105,-0.05236706160000005,0.027787393090306867,0.0005073260669941419,-0.3287987282666664,0.1600738818895718,0.0029225358659445387
ARG 163,R ARG 163,0.0,0.0,0.0,-0.04546933333333369,0.01950817929883576,0.000356168995260922,1.0624786666666675,0.3320187467772791,0.006061805237483714,-0.9522423333333345,0.30342601010441617,0.005539775675599307,-0.0022282679999999985,0.010567730840441384,0.0001929394854317591,0.06253873199999965,0.027830797859469514,0.0005081185260332648
ASP 164,R ASP 164,0.0,0.0,0.0,-0.044359666666667165,0.007404163685982479,0.00013518091567577337,-0.1777999999999998,0.5657320272590801,0.01032880642776419,0.09182266666666689,0.5678285485539539,0.010367083494613934,0.0,0.0,0.0,-0.1303370000000004,0.054554218575039976,0.0009960192040205577
LEU 165,R LEU 165,0.0,0.0,0.0,-0.03419733333333338,0.00755877368066677,0.00013800369506591803,0.013629333333333422,0.02816624349978007,0.0005142428975004267,0.03070100000000031,0.033822668912037404,0.0006175146239383866,0.0,0.0,0.0,0.010133000000000046,0.018491168459564524,0.0003376010026643848
ALA 166,R ALA 166,0.0,0.0,0.0,-0.01101133333333323,0.0013822222043580893,2.5235809360381366e-05,0.03720466666666676,0.04337152035866706,0.0007918520017912167,-0.057891333333333135,0.04637743910806468,0.0008467323186269766,0.0,0.0,0.0,-0.031697999999999844,0.016112669838773824,0.0002941757577443184
ALA 167,R ALA 167,0.0,0.0,0.0,-0.008338666666666605,0.0010673822599658795,1.9487644708805187e-05,0.08853099999999998,0.027922363301364345,0.0005097902746337224,-0.0728993333333331,0.03099295403080525,0.0005658513348797565,0.0,0.0,0.0,0.007292999999999928,0.01050741726908482,0.0001918383153132362
ARG 168,R ARG 168,0.0,0.0,0.0,-0.040079666666666756,0.0056429885600518025,0.00010302640420279893,-0.00886133333333352,0.33694448519732195,0.006151736505651292,0.25450099999999976,0.3283573429446439,0.005994957455108042,0.0,0.0,0.0,0.20556,0.04189778514432298,0.0007649454011016845
ASN 169,R ASN 169,0.0,0.0,0.0,-0.15547866666666701,0.022914556033709788,0.000418360641162632,0.2581410000000007,0.16451972055754555,0.00300370540346047,-0.3001283333333324,0.16365697010481836,0.0029879538073119207,0.0,0.0,0.0,-0.19746599999999967,0.07569782148340418,0.001382046812681988
ILE 170,R ILE 170,0.0,0.0,0.0,-0.06519700000000002,0.008059126772381985,0.00014713885090091383,0.06611866666666681,0.042897629128996,0.00078319997124806,-0.026248333333333426,0.04235566861576958,0.0007733051713023538,0.0,0.0,0.0,-0.025326666666666726,0.02201105681747777,0.0004018650777820149
LEU 171,R LEU 171,0.0,0.0,0.0,-1.0851833333333343,0.184221575977284,0.003363410424730342,-0.22008633333333266,0.09918694241963356,0.0018108975257733115,0.25654233333333276,0.06361093360858466,0.0011613714413795104,-0.12767639039999995,0.019819329245592154,0.00036184979008108896,-1.1764037237333353,0.21277633209278424,0.0038847465596809445
LEU 172,R LEU 172,0.0,0.0,0.0,-0.0323153333333334,0.005122229158827394,9.351868183334919e-05,0.1101139999999999,0.04488849522984718,0.0008195480469950116,-0.10428766666666682,0.04278260060533318,0.0007810998473425052,0.0,0.0,0.0,-0.026489000000000013,0.01983906614905709,0.0003622101349891905
SER 173,R SER 173,0.0,0.0,0.0,-0.021907333333333317,0.005064459124350873,9.246395013232781e-05,-0.022755999999999915,0.05981750967735097,0.00109211331280229,0.0681363333333333,0.08101246249737695,0.0014790784382951554,0.0,0.0,0.0,0.023473000000000147,0.030737912599914836,0.0005611949367198541
GLU 174,R GLU 174,0.0,0.0,0.0,-0.006296999999999959,0.001772039596999406,3.235286866896462e-05,0.5550913333333329,0.15576253183898014,0.0028438217434108687,-0.539700666666667,0.15253308843074725,0.002784860443315018,0.0,0.0,0.0,0.00909366666666653,0.008964981495921915,0.00016367741976442804
LYS 175,R LYS 175,0.0,0.0,0.0,-0.0019190000000000023,0.0005376854718759833,9.81674872630952e-06,-0.2744946666666671,0.08340476388205743,0.0015227556860531667,0.28482400000000024,0.08309961707091756,0.0015171844929927642,0.0,0.0,0.0,0.008410333333333651,0.003915349267803121,7.148417048290349e-05
ASN 176,R ASN 176,0.0,0.0,0.0,-0.0024033333333333255,0.0006099089185189079,1.1135362423212873e-05,-0.020649000000000133,0.02904605192333942,0.0005303059281626439,0.048584666666666845,0.03155682966050621,0.0005761462482802447,0.0,0.0,0.0,0.02553233333333312,0.007558149325213339,0.00013799229594705986
VAL 177,R VAL 177,0.0,0.0,0.0,-0.00862599999999995,0.0011613744730560836,2.120369988678309e-05,0.08902933333333317,0.02082907758132559,0.0003802851881105724,-0.0495113333333333,0.026526211029009546,0.0004843001381910284,0.0,0.0,0.0,0.03089199999999983,0.014623964441970146,0.00026699584016734993
VAL 178,R VAL 178,0.0,0.0,0.0,-0.015748999999999826,0.0015586315579190304,2.845658877038909e-05,-0.09261066666666691,0.024095609964379358,0.00043992363714456085,0.1619543333333333,0.032424356810204814,0.0005919850545848477,0.0,0.0,0.0,0.053594666666666624,0.024495558200530065,0.00044722565950369904
LYS 179,R LYS 179,0.0,0.0,0.0,-0.13186233333333353,0.016398985168460042,0.00029940313656527407,-0.255825333333333,0.43268208285632676,0.007899657900290982,0.9563040000000004,0.3826182548145484,0.006985621635839593,0.0,0.0,0.0,0.5686163333333324,0.13130434798547588,0.0023972784430051053
ILE 180,R ILE 180,0.0,0.0,0.0,-0.9607070000000026,0.2244982861500864,0.004098759181521731,-0.12026633333333343,0.47246616041069295,0.008626012457159693,-0.042710333333333426,0.3118110535135375,0.0056928649229604986,-0.030148171199999945,0.011361169037037114,0.0002074256187071491,-1.1538318378666674,0.33552589610016675,0.0061258367307065326
CYS 181,R CYS 181,0.0,0.0,0.0,-2.4752696666666685,0.4007382141496933,0.007316445318137432,-2.1415209999999987,0.7361751985039535,0.013440658749881958,1.896066333333338,0.29527384227729486,0.005390938135216566,-0.12149736000000022,0.024666661587352205,0.00045034956565796633,-2.8422216933333413,0.5833278998569608,0.010650061639125732
ASP 182,R ASP 182,0.0,0.0,0.0,-2.8263090000000055,0.6192585912624121,0.011306063312109822,-3.6485826666666714,1.5995443734074843,0.029203551168191524,3.9480156666666706,1.6574351967486307,0.030260488162074606,-0.3280588391999997,0.03385411787288056,0.0006180888007805165,-2.854934839199995,0.7801540362378182,0.014243598799205193
PHE 183,R PHE 183,0.0,0.0,0.0,-1.6129820000000017,0.2309863596463158,0.004217214655142939,-0.6298273333333333,0.2160939830711519,0.0039453183023069795,0.4751329999999998,0.23913321944960728,0.004365955284712768,-0.07769999039999997,0.019223652511014377,0.0003509742705974468,-1.8453763237333356,0.3516744053026966,0.006420666822716711
GLY 184,R GLY 184,0.0,0.0,0.0,-0.10695699999999995,0.028495715777403674,0.0005202582107846618,0.12839266666666654,0.04830735430093012,0.0008819675881337877,-0.057123999999999966,0.04873505881122267,0.000889776368408252,-0.0016770959999999988,0.006564517034364679,0.00011985113529494834,-0.037365429333333255,0.04252586448139554,0.0007764125084622689
LEU 185,R LEU 185,0.0,0.0,0.0,-0.044697666666667135,0.0095103589779155,0.00017363460473920317,0.16530000000000009,0.036112823207275345,0.0006593269295273588,-0.0857276666666668,0.039455073622482004,0.000720347794368682,-2.8631999999999915e-06,0.00010009558874276133,1.827487062039018e-06,0.03487180346666669,0.023268206804715023,0.00042481739132125407
ALA 186,R ALA 186,0.0,0.0,0.0,-0.08519633333333347,0.017524814403832176,0.00031995787216901106,0.22247699999999965,0.04527425468924374,0.0008265910189177613,-0.10883133333333328,0.05205387162887603,0.0009503693232204529,-6.2184000000000005e-06,0.00013164238945506874,2.4034502076140454e-06,0.028443114933333357,0.026045520591387497,0.0004755239716622742
ARG 187,R ARG 187,0.0,0.0,0.0,-0.06296233333333352,0.012689533005152664,0.00023167811570428112,-0.6191983333333341,0.5789447362779019,0.010570036386942878,0.8413436666666645,0.5721878854245012,0.010446673732606025,0.0,0.0,0.0,0.1591830000000001,0.07516953401700266,0.001372401647275476
ASP 188,R ASP 188,0.0,0.0,0.0,-0.004494333333333325,0.0009932947979099623,1.813499890226072e-05,0.24663133333333348,0.1297358704633716,0.0023686420923452276,-0.24121000000000006,0.12747911685187208,0.002327439597020243,0.0,0.0,0.0,0.0009270000000002388,0.010490456186458793,0.0001915286497281034
ILE 189,R ILE 189,0.0,0.0,0.0,-0.006255333333333324,0.0012372570019560324,2.258911898008441e-05,0.025884666666666528,0.012988842579520305,0.00023714273588956202,-0.01769100000000007,0.012873105776514312,0.00023502968063156488,0.0,0.0,0.0,0.0019383333333331323,0.006282663757427364,0.00011470522203877107
TYR 190,R TYR 190,0.0,0.0,0.0,-0.002065666666666672,0.0007080639487754104,1.2927419896682491e-05,-0.0001686666666669794,0.011451210338746494,0.00020906954044226097,-0.0008879999999999972,0.01158070763525842,0.00021143382679011152,0.0,0.0,0.0,-0.003122333333333773,0.003723175332368124,6.797557050282719e-05
LYS 191,R LYS 191,0.0,0.0,0.0,-0.0011629999999999946,0.00042319932262076525,7.726527177343314e-06,-0.1908726666666667,0.11869474764940292,0.002167059691498709,0.20200700000000013,0.11893366617993376,0.0021714217271179663,0.0,0.0,0.0,0.009971333333333202,0.0041233293451879835,7.528134981274881e-05
ASP 192,R ASP 192,0.0,0.0,0.0,-0.0023726666666666596,0.0005863328595791132,1.0704924446599645e-05,0.20438099999999992,0.2515271724996445,0.004592236873451613,-0.1857490000000003,0.242229934839468,0.004422493313819438,0.0,0.0,0.0,0.01625933333333349,0.015436496133802364,0.00028183057137749464
PRO 193,R PRO 193,0.0,0.0,0.0,-0.0008166666666666643,0.00040048581608947113,7.31183718110229e-06,-0.020689666666666644,0.004323042125890031,7.892758964650194e-05,0.020051666666666818,0.004459184965388668,8.141320645437556e-05,0.0,0.0,0.0,-0.001454666666666678,0.0013906634707538568,2.5389925094343774e-05
ASP 194,R ASP 194,0.0,0.0,0.0,-0.0019953333333333333,0.0004986430475688283,9.103934843218962e-06,0.19361266666666643,0.21672738630105998,0.003956882610207556,-0.17147600000000027,0.2161867682290786,0.003947012319773584,0.0,0.0,0.0,0.020141333333333084,0.003771651922198131,6.886062789485453e-05
TYR 195,R TYR 195,0.0,0.0,0.0,-0.008254333333333282,0.0016440745792761205,3.001655777634489e-05,0.02796066666666677,0.030126673445451585,0.0005500352876221905,-0.046559666666666874,0.041100305431414914,0.0007503854801712682,0.0,0.0,0.0,-0.02685333333333319,0.01514084395123196,0.0002764327257251798
VAL 196,R VAL 196,0.0,0.0,0.0,-0.0005883333333333281,0.0004921353698142441,8.98512144644695e-06,-0.017615333333333337,0.0066452513036669115,0.00012132513464363266,0.017729666666666873,0.006440387143297257,0.00011758484391500548,0.0,0.0,0.0,-0.0004739999999999646,0.001435034494359196,2.6200025445285053e-05
ARG 197,R ARG 197,0.0,0.0,0.0,-0.0004190000000000064,0.0004933953789812023,9.00812596122716e-06,0.09707699999999995,0.07534381021468631,0.0013755834807657281,-0.09635166666666667,0.07494991214508238,0.0013683919188297344,0.0,0.0,0.0,0.00030633333333381074,0.0011053626353170116,2.018106831954946e-05
LYS 198,R LYS 198,0.0,0.0,0.0,-0.00037466666666666806,0.0004840367295521666,8.83726118122497e-06,0.16242333333333292,0.08133710995330276,0.001485005662790063,-0.1604376666666667,0.08103059163810994,0.0014794094296060767,0.0,0.0,0.0,0.0016109999999996466,0.0014727567122010566,2.6888735766322086e-05
GLY 199,R GLY 199,0.0,0.0,0.0,-0.00011933333333333234,0.00032418033390211476,5.9186960525914995e-06,0.004824000000000026,0.004229305380319672,7.721619864596833e-05,-0.004615333333333351,0.004193967678569821,7.657102343334222e-05,0.0,0.0,0.0,8.933333333335706e-05,0.0007284821358291686,1.3300203284439266e-05
ASP 200,R ASP 200,0.0,0.0,0.0,-0.00033466666666666324,0.0004718738061059189,8.615197596667693e-06,-0.19951899999999992,0.09247127647184933,0.0016882868014976202,0.20143800000000003,0.09321481010368701,0.0017018618062449949,0.0,0.0,0.0,0.0015843333333335275,0.0017076947099005082,3.117809713149164e-05
ALA 201,R ALA 201,0.0,0.0,0.0,-0.0005129999999999864,0.0005011629808089457,9.149942319186274e-06,0.021165999999999945,0.007587518962085289,0.00013852850970107658,-0.017055333333333502,0.007171211303228388,0.0001309278065138069,0.0,0.0,0.0,0.0035976666666665,0.0016105261735084415,2.940405048943508e-05
ARG 202,R ARG 202,0.0,0.0,0.0,-0.001646999999999987,0.0005468616522180603,9.984282091812557e-06,0.04676833333333343,0.11449355148022786,0.00209035669448666,-0.02965666666666651,0.11403830111950186,0.0020820449980905936,0.0,0.0,0.0,0.015464666666667294,0.003830850848339221,6.994144746910645e-05
LEU 203,R LEU 203,0.0,0.0,0.0,-0.0016760000000000002,0.0006199655904429984,1.1318971292087982e-05,0.025568333333333294,0.0076354871415580585,0.00013940428483239967,-0.008440333333333355,0.008511586606241609,0.00015539959947991237,0.0,0.0,0.0,0.015451999999999882,0.004337475763621554,7.919111061224904e-05
PRO 204,R PRO 204,0.0,0.0,0.0,-0.0031429999999999926,0.0007601870383884706,1.38790529616137e-05,-0.00050200000000009,0.006955141695177769,0.0001269829332364528,-0.010056666666666684,0.00793625366418053,0.00014489550513182352,0.0,0.0,0.0,-0.013701666666666796,0.003644355986392697,6.653653271087567e-05
LEU 205,R LEU 205,0.0,0.0,0.0,-0.0008009999999999847,0.00040340095851808353,7.365060156652004e-06,-0.008072000000000008,0.004051191100569443,7.39642916848688e-05,0.008924666666666616,0.004705775694706414,8.591531661834155e-05,0.0,0.0,0.0,5.1666666666686214e-05,0.002337733351394514,4.268097633303088e-05
LYS 206,R LYS 206,0.0,0.0,0.0,-0.0008916666666666657,0.00033950535914601163,6.198491453272114e-06,-0.057846333333333444,0.14292677397845555,0.00260947393931475,0.06867066666666673,0.14275601168738442,0.0026063562606883856,0.0,0.0,0.0,0.009932666666666461,0.002843495423281444,5.1914886183131574e-05
TRP 207,R TRP 207,0.0,0.0,0.0,-0.004275,0.0006011447413056854,1.0975351171291049e-05,-0.017531333333333246,0.0062433178857254,0.00011398686798957541,-0.006193666666666688,0.01105487041483917,0.00020183339655013022,0.0,0.0,0.0,-0.02800000000000009,0.010739273718459584,0.00019607141556075662
MET 208,R MET 208,0.0,0.0,0.0,-0.0018110000000000372,0.0005353618713853777,9.774325779531696e-06,0.03558200000000001,0.008498506300128874,0.0001551607868560118,-0.030577000000000416,0.00806730465107771,0.00014728815785538683,0.0,0.0,0.0,0.003193999999999817,0.0027608629085847805,5.0406229773706916e-05
ALA 209,R ALA 209,0.0,0.0,0.0,-0.0005826666666666698,0.0004931188723038372,9.003077663077372e-06,-0.0015919999999999797,0.0036760761689606496,6.711566136156401e-05,0.0017013333333333303,0.003781727765041929,6.904458677523537e-05,0.0,0.0,0.0,-0.00047333333333340227,0.0016808595684616801,3.0688156721495375e-05
PRO 210,R PRO 210,0.0,0.0,0.0,-0.00032000000000000474,0.00046647615158763465,8.516650358758227e-06,-0.004649999999999954,0.0023692825918408254,4.325698402185085e-05,0.001280666666666664,0.002705037194240097,4.938699633919282e-05,0.0,0.0,0.0,-0.003689333333333292,0.0013284651126602794,2.4254343635422562e-05
GLU 211,R GLU 211,0.0,0.0,0.0,-0.0005673333333333418,0.0004954454785566406,9.045555487313803e-06,-0.33840466666666663,0.12100020762332635,0.0022091514392701466,0.33392900000000014,0.12065168029911497,0.0022027882300242304,0.0,0.0,0.0,-0.00504299999999981,0.0018284285602668633,3.33823855748285e-05
THR 212,R THR 212,0.0,0.0,0.0,-0.00100600000000001,0.00034731925755221514,6.341153067243158e-06,-6.866666666666295e-05,0.005749430541849882,0.00010496976001934434,0.005702999999999997,0.006708213199752495,0.00012247465633527833,0.0,0.0,0.0,0.00462833333333336,0.0026651198638876633,4.865820893021237e-05
ILE 213,R ILE 213,0.0,0.0,0.0,-0.0004623333333333116,0.0004985792035596742,9.102769216419785e-06,-0.0066320000000000216,0.0038485377309656946,7.02643642886553e-05,0.006068000000000025,0.0040908893898514796,7.468907996934003e-05,0.0,0.0,0.0,-0.001026333333333267,0.0011571401048368788,2.1126391253768378e-05
PHE 214,R PHE 214,0.0,0.0,0.0,-0.00022999999999999806,0.0004208325082500144,7.68331525666706e-06,-0.00010633333333348341,0.003611236153390842,6.5931850056345e-05,0.0001220000000000057,0.0036269063033573705,6.621794654355022e-05,0.0,0.0,0.0,-0.0002143333333334946,0.0007543614665546434,1.3772693058155236e-05
ASP 215,R ASP 215,0.0,0.0,0.0,-0.00023733333333333806,0.00042544826033517994,7.767586974563615e-06,-0.25103033333333336,0.07495242099640444,0.001368437723978485,0.251201,0.07475516882240561,0.0013648364084712819,0.0,0.0,0.0,-6.666666666666288e-05,0.0008459051693632446,1.54440447590159e-05
ARG 216,R ARG 216,0.0,0.0,0.0,-0.0007346666666666697,0.0005075413502584733,9.266394880106543e-06,0.29559033333333334,0.10028780836450278,0.001830996496133115,-0.28918399999999994,0.09848638219232703,0.00179810710446042,0.0,0.0,0.0,0.005671666666666548,0.003108139404137569,5.674660211722708e-05
VAL 217,R VAL 217,0.0,0.0,0.0,-0.0007273333333333271,0.0004490577790093988,8.19863583955392e-06,0.009065999999999996,0.007279810711824882,0.00013291055137447426,-0.004030333333333338,0.007068291629209702,0.00012904875894476984,0.0,0.0,0.0,0.004308333333333274,0.0013795883041286558,2.5187721141385408e-05
TYR 218,R TYR 218,0.0,0.0,0.0,-0.0045623333333333245,0.0010386439342827038,1.896295706741834e-05,0.002710333333333338,0.017279807866087123,0.0003154846852537042,0.007611666666666664,0.017748751990554812,0.0003240463944263863,0.0,0.0,0.0,0.005759666666666874,0.0030899686981513486,5.641485193207884e-05
THR 219,R THR 219,0.0,0.0,0.0,-0.002216333333333337,0.0005305970431711864,9.687332316346708e-06,0.0012960000000000799,0.01565706605125418,0.00028585760868734167,0.01732366666666672,0.01551204606820827,0.0002832099181538997,0.0,0.0,0.0,0.0164033333333334,0.004562015879946858,8.329063350478914e-05
ILE 220,R ILE 220,0.0,0.0,0.0,-0.006732333333333328,0.0015327604364532054,2.798424887656281e-05,0.008704333333333328,0.01303539724067615,0.00023799270382529752,0.004032000000000003,0.013736240727845959,0.0002507882967320804,0.0,0.0,0.0,0.006003999999999865,0.00479381379140513,8.752266500106515e-05
GLN 221,R GLN 221,0.0,0.0,0.0,-0.0014349999999999842,0.0004970999228861029,9.075761369959904e-06,-0.019317333333333693,0.010145769211296512,0.00018523555534228324,0.029428333333333563,0.01119143410033779,0.00020432669691958474,0.0,0.0,0.0,0.008675999999999684,0.004077461301676217,7.444391774274804e-05
SER 222,R SER 222,0.0,0.0,0.0,-0.001713333333333328,0.00048698619647327517,8.891110833401852e-06,0.026341,0.006171983932794399,0.00011268449415169804,-0.0109683333333334,0.007184520203573089,0.0001311707926782863,0.0,0.0,0.0,0.013659333333333227,0.0049392252653857,9.017750314837294e-05
ASP 223,R ASP 223,0.0,0.0,0.0,-0.01080766666666661,0.0020566982979741046,3.7550001726096626e-05,-0.8542956666666666,0.31541666661928386,0.005758694110682284,0.8638430000000012,0.31106786775718415,0.005679296269521457,0.0,0.0,0.0,-0.0012603333333334465,0.013503131484544193,0.00024653232370143587
VAL 224,R VAL 224,0.0,0.0,0.0,-0.0018653333333333508,0.00044855124815575825,8.189387893733544e-06,0.019204000000000058,0.007491131467719643,0.0001367687228702277,-0.009969333333333425,0.008924071915642082,0.00016293051643318358,0.0,0.0,0.0,0.007369333333333349,0.00485670597101437,8.867091384982005e-05
TRP 225,R TRP 225,0.0,0.0,0.0,-0.0013769999999999646,0.0004846349141364477,8.84818248757039e-06,0.020192666666666914,0.005802891195104285,0.00010594581354355762,-0.009529333333333348,0.0071800979256706355,0.0001310900532995286,0.0,0.0,0.0,0.009286333333333754,0.004458663464412628,8.14036851927643e-05
SER 226,R SER 226,0.0,0.0,0.0,-0.002725666666666631,0.0005589346016210316,1.0204702982600085e-05,0.020007000000000347,0.006165734695341039,0.00011257039920768433,0.009682333333333359,0.008991556477545194,0.00016416261032777322,0.0,0.0,0.0,0.026963666666667198,0.007154509991761358,0.00013062288367945984
PHE 227,R PHE 227,0.0,0.0,0.0,-0.0040809999999999805,0.0006509779822182945,1.1885177510005227e-05,0.03282700000000003,0.00677808264432744,0.00012375029203108014,-0.044808666666667205,0.00884892036100958,0.00016155844304305682,0.0,0.0,0.0,-0.016062666666666493,0.006428691382302327,0.0001173713095108684
GLY 228,R GLY 228,0.0,0.0,0.0,-0.0005243333333333302,0.0004994075378775063,9.11789246278753e-06,0.02083000000000007,0.0035802839738393083,6.536674315820084e-05,-0.015344000000000165,0.00504351041768794,9.208148082599957e-05,0.0,0.0,0.0,0.004961666666666774,0.0038294730562947956,6.991629254303034e-05
VAL 229,R VAL 229,0.0,0.0,0.0,-0.0011863333333333283,0.00039278478698762955,7.171236269266212e-06,0.025998999999999987,0.007921552814947544,0.00014462710557384387,-0.0031656666666666695,0.00966527571027102,0.0001764629843674068,0.0,0.0,0.0,0.021646999999999954,0.00612206863187018,0.00011177316960900294
LEU 230,R LEU 230,0.0,0.0,0.0,-0.005493000000000018,0.000786098594325466,1.4352131084505342e-05,0.03472566666666679,0.011914238312017822,0.0002175232359661478,-0.018950666666666744,0.01365528833659496,0.0002493103150396752,0.0,0.0,0.0,0.010282000000000182,0.0068654067128854,0.00012534460410315755
LEU 231,R LEU 231,0.0,0.0,0.0,-0.0011300000000000127,0.00035275109260400313,6.440324353460209e-06,0.026985000000000047,0.004127320559395673,7.535421908119504e-05,-0.02438200000000035,0.005579254072003813,0.00010186277697630135,0.0,0.0,0.0,0.001473000000000129,0.004302860017864205,7.855911645237691e-05
TRP 232,R TRP 232,0.0,0.0,0.0,-0.00073333333333331,0.00044221663871404985,8.073734277593248e-06,0.017773333333333377,0.0035278825881187715,6.441002912474527e-05,-0.015362333333333474,0.004443239946504959,8.112209157029379e-05,0.0,0.0,0.0,0.0016776666666666786,0.003136309065694233,5.726090741962278e-05
GLH 233,R GLH 233,0.0,0.0,0.0,-0.0020296666666666445,0.00036439889620492835,6.652983179380764e-06,0.00023533333333323962,0.020881745254860137,0.000381246763872112,0.018343666666666644,0.022691824369631915,0.0004142941359397615,0.0,0.0,0.0,0.016549333333333402,0.005166968765361553,9.433551155710467e-05
ILE 234,R ILE 234,0.0,0.0,0.0,-0.0017090000000000122,0.0004629460011706651,8.452198924932876e-06,0.019669333333333414,0.007082607303968139,0.00012931012621113995,-0.010545999999999962,0.007581548918261855,0.00013841951211203028,0.0,0.0,0.0,0.0074143333333335235,0.0036295997789776344,6.626712245539386e-05
PHE 235,R PHE 235,0.0,0.0,0.0,-0.0005166666666666698,0.0004997221450188339,9.123636377056107e-06,0.007319666666666606,0.006407038828940897,0.00011697598978074708,-0.013980333333333431,0.006516129722124245,0.00011896770788124395,0.0,0.0,0.0,-0.007177333333333411,0.002522013657554273,4.6045459019286154e-05
SER 236,R SER 236,0.0,0.0,0.0,-0.0002903333333333344,0.0004539161694508062,8.287337507484797e-06,0.014230000000000145,0.005105790830028146,9.321856038364803e-05,-0.011874666666666686,0.0058393171594703554,0.00010661085762229683,0.0,0.0,0.0,0.0020650000000002134,0.0022139199774758515,4.042046373916177e-05
LEU 237,R LEU 237,0.0,0.0,0.0,-0.0005253333333333311,0.0004993578098139854,9.11698455671648e-06,0.006992333333333396,0.006876743988901157,0.00012555159349697398,0.0002619999999999937,0.007242008653221386,0.00013222038336723203,0.0,0.0,0.0,0.00672900000000006,0.002165231088513897,3.9531530313017544e-05
GLY 238,R GLY 238,0.0,0.0,0.0,-0.000501333333333333,0.0004999982222190503,9.12867683406182e-06,0.013796333333333313,0.005097599424129869,9.306900645737578e-05,-0.010503000000000047,0.005230104301062904,9.548820345989809e-05,0.0,0.0,0.0,0.002792000000000053,0.0016611449866481738,3.0328219349127425e-05
ALA 239,R ALA 239,0.0,0.0,0.0,-0.000403333333333329,0.000490566565876179,8.956479136274244e-06,0.005231333333333206,0.010462750668708162,0.00019102281849345737,-0.00471100000000003,0.010461714916780903,0.00019100390833697275,0.0,0.0,0.0,0.0001169999999998248,0.001452576217162685,2.652029202118418e-05
SER 240,R SER 240,0.0,0.0,0.0,-0.0004363333333333293,0.0004959299905788567,9.054401426112144e-06,-0.014066333333333377,0.009760802556939611,0.0001782070579929976,0.019843666666666707,0.009855179343314173,0.00017993013448640408,0.0,0.0,0.0,0.0053410000000001755,0.0015991828121469875,2.9196949992915052e-05
PRO 241,R PRO 241,0.0,0.0,0.0,-0.0006419999999999953,0.00047941214002149865,8.752828114386668e-06,0.009678666666666653,0.004786377707155577,8.738690129829885e-05,-0.012675000000000037,0.005331232659213273,9.733454622531205e-05,0.0,0.0,0.0,-0.003638333333333075,0.0015618996624480314,2.8516255922749714e-05
TYR 242,R TYR 242,0.0,0.0,0.0,-0.0003936666666666575,0.0004885624036110576,8.919888306890655e-06,0.005852999999999952,0.003283807393864761,5.995384613739937e-05,-0.00738099999999996,0.003352686335860753,6.12113978130092e-05,0.0,0.0,0.0,-0.001921666666666801,0.0009720410942388025,1.774696113788657e-05
PRO 243,R PRO 243,0.0,0.0,0.0,-0.00014666666666666693,0.00035377331097124316,6.458987422074658e-06,-0.010025666666666702,0.0019617189457769063,3.581592393624218e-05,0.009387333333333279,0.0019457576644818205,3.552451214250872e-05,0.0,0.0,0.0,-0.0007849999999999789,0.0007067118696236057,1.2902734421649961e-05
GLY 244,R GLY 244,0.0,0.0,0.0,-4.1666666666666814e-05,0.00019982631347136405,3.6483126490454847e-06,-0.003713000000000188,0.002255503860929252,4.1179678105698214e-05,0.0036713333333333164,0.0022448410980636375,4.098500358080403e-05,0.0,0.0,0.0,-8.333333333351981e-05,0.00060804787823184,1.1101384631691107e-05
VAL 245,R VAL 245,0.0,0.0,0.0,-0.00010733333333333616,0.0003095365711654989,5.6513387466715635e-06,0.005639666666666701,0.0031743492596471687,5.795542316361926e-05,-0.005504333333333287,0.0031712218290257253,5.789832435367269e-05,0.0,0.0,0.0,2.7999999999997916e-05,0.0006536176252216008,1.1933370577227612e-05
LYS 246,R LYS 246,0.0,0.0,0.0,-0.00010533333333333247,0.0003069824461141394,5.604707016494276e-06,0.013403666666666543,0.060398146107494305,0.001102714235152249,-0.013153999999999914,0.06027726727935399,0.0011005072997890078,0.0,0.0,0.0,0.00014433333333350854,0.0006584080970203355,1.202083222606959e-05
ILE 247,R ILE 247,0.0,0.0,0.0,-0.0002603333333333286,0.0004388164637851276,8.011655860658773e-06,0.0010906666666668178,0.003683446695088239,6.725022814225607e-05,-0.0008670000000000013,0.00367532007676429,6.710185706984734e-05,0.0,0.0,0.0,-3.6666666666492916e-05,0.0007357460310611092,1.3432823260235537e-05
ASP 248,R ASP 248,0.0,0.0,0.0,-9.633333333333457e-05,0.0002950478303974196,5.3868117417208385e-06,-0.058142333333333046,0.07148416193737538,0.0013051162665817563,0.05770033333333333,0.07132266960713711,0.0013021678335105706,0.0,0.0,0.0,-0.0005383333333330617,0.0006702217709252577,1.223651941556079e-05
GLU 249,R GLU 249,0.0,0.0,0.0,-0.00010833333333333406,0.0003108009366495273,5.674422796556007e-06,-0.11534733333333365,0.06658431266363629,0.0012156576673950162,0.11492999999999985,0.06637496842434934,0.001211835581990309,0.0,0.0,0.0,-0.0005256666666667324,0.000697142660356787,1.2728025362552493e-05
GLU 250,R GLU 250,0.0,0.0,0.0,-6.13333333333342e-05,0.00023994073342297907,4.380698405336646e-06,-0.07291133333333337,0.05474909562317469,0.0009995771558606711,0.07284033333333341,0.05465771833165163,0.0009979088424003078,0.0,0.0,0.0,-0.00013233333333344886,0.0006251569580690334,1.1413752263857361e-05
PHE 251,R PHE 251,0.0,0.0,0.0,-0.00020933333333333397,0.0004068327529696831,7.42771586444741e-06,-0.0015963333333334332,0.0018802623634897086,3.4328737017043045e-05,0.0018103333333333283,0.0018955280413530356,3.460744888775476e-05,0.0,0.0,0.0,4.666666666558119e-06,0.000742952368743954,1.3564392383765322e-05
CYS 252,R CYS 252,0.0,0.0,0.0,-0.00012099999999999303,0.0003261272757682001,5.9542421851983714e-06,-0.004968000000000127,0.003599857774968436,6.572411023868561e-05,0.00461100000000001,0.0035420821089672243,6.466927572056068e-05,0.0,0.0,0.0,-0.00047800000000003146,0.0007109964838167185,1.2980960416442451e-05
ARG 253,R ARG 253,0.0,0.0,0.0,-7.166666666666973e-05,0.0002579351770417543,4.709230494661915e-06,0.07606533333333328,0.050965358151940164,0.0009304958770382477,-0.07596766666666664,0.05083205636756691,0.000928062130563017,0.0,0.0,0.0,2.5999999999688348e-05,0.0006723025112745854,1.2274508363082056e-05
ARG 254,R ARG 254,0.0,0.0,0.0,-8.266666666666348e-05,0.00027537772039306805,5.027686309787792e-06,0.050453666666666466,0.05451558052418487,0.0009953137729528452,-0.050189333333333454,0.05441134213460367,0.000993410649041791,0.0,0.0,0.0,0.00018166666666683302,0.000649099804001503,1.185088682412684e-05
LEU 255,R LEU 255,0.0,0.0,0.0,-0.00019333333333334166,0.00039491208585654787,7.210075255168271e-06,0.0005279999999999632,0.0027772677220605354,5.070573932011811e-05,-1.4666666666667623e-05,0.00274720188960011,5.015681483182658e-05,0.0,0.0,0.0,0.0003199999999999309,0.0007381959992668063,1.3477553355283229e-05
LYS 256,R LYS 256,0.0,0.0,0.0,-0.00010466666666666906,0.00030612343189563226,5.589023634337808e-06,0.16116266666666643,0.06789295157001908,0.0012395500356835077,-0.16088400000000003,0.06770551339440416,0.0012361278984527775,0.0,0.0,0.0,0.00017399999999988342,0.0006750733293500112,1.2325096348503848e-05
GLU 257,R GLU 257,0.0,0.0,0.0,-3.966666666666555e-05,0.00019517485038349585,3.56338894042455e-06,-0.09225566666666665,0.05626397575615252,0.0010272349565522841,0.0920009999999997,0.056170042421798794,0.0010255199763480436,0.0,0.0,0.0,-0.00029433333333326315,0.0006161990118639607,1.1250203290342824e-05
GLY 258,R GLY 258,0.0,0.0,0.0,-3.0333333333333028e-05,0.0001715028344436955,3.1311990366961998e-06,0.0027173333333334617,0.0019444192506305191,3.550007616058755e-05,-0.002641,0.0019348003342291805,3.532445957752856e-05,0.0,0.0,0.0,4.600000000010777e-05,0.0005971186370118898,1.0901844899938374e-05
THR 259,R THR 259,0.0,0.0,0.0,-6.433333333333387e-05,0.00024534578772735535,4.479380744238222e-06,-0.005535999999999954,0.0028925255400775217,5.2810049548675734e-05,0.005714999999999982,0.002885557427372816,5.2682829798288874e-05,0.0,0.0,0.0,0.00011466666666669696,0.0006430538252915897,1.1740502860072993e-05
ARG 260,R ARG 260,0.0,0.0,0.0,-0.00018200000000000572,0.0003858445282753275,7.044525060877892e-06,0.12190333333333356,0.09161285202173061,0.0016726141869894873,-0.12087033333333347,0.09134213076791112,0.0016676715157390532,0.0,0.0,0.0,0.000850999999999497,0.000788753658206752,1.4400605697151929e-05
MET 261,R MET 261,0.0,0.0,0.0,-0.0002450000000000152,0.0004300872004605864,7.85228204621698e-06,-7.166666666665833e-05,0.002459376050049013,4.4901857999993294e-05,-0.00016233333333331962,0.0025025282993183084,4.568970667772259e-05,0.0,0.0,0.0,-0.0004790000000000496,0.0007773195396147334,1.4191848207884001e-05
ARG 262,R ARG 262,0.0,0.0,0.0,-0.00011766666666666752,0.0003222130075310797,5.882777751545145e-06,-0.03300299999999994,0.08315581152871983,0.0015182104587309333,0.03314566666666644,0.08300329580538071,0.001515425915329365,0.0,0.0,0.0,2.5000000000119372e-05,0.0007012191763875304,1.2802452022088144e-05
ALA 263,R ALA 263,0.0,0.0,0.0,-6.29999999999999e-05,0.00024296296014001756,4.4358764635638715e-06,0.0018970000000000577,0.0029930571327657926,5.464549691725198e-05,-0.0012293333333333392,0.0029095371147696875,5.312063698859517e-05,0.0,0.0,0.0,0.0006046666666667333,0.0006590737608359756,1.2032985528987624e-05
PRO 264,R PRO 264,0.0,0.0,0.0,-0.00016300000000001505,0.00036936567247109625,6.743663692682812e-06,-0.008504333333333319,0.0038842392505551797,7.091618187586776e-05,0.008169999999999964,0.003871317605157388,7.068026598705265e-05,0.0,0.0,0.0,-0.0004973333333333671,0.0007438590069511077,1.3580945257017127e-05
ASP 265,R ASP 265,0.0,0.0,0.0,-7.6666666666668e-05,0.00026606181403743625,4.8576019079682824e-06,0.06986933333333337,0.08491827596512422,0.0015503885096849104,-0.06993500000000008,0.08478865554031005,0.0015480219753321064,0.0,0.0,0.0,-0.00014233333333327637,0.0006807406913714215,1.2428567749192998e-05
TYR 266,R TYR 266,0.0,0.0,0.0,-0.00017566666666665783,0.0003805363174374747,6.9476108336817124e-06,-0.0008036666666665724,0.003341125542222076,6.1000327564390345e-05,0.0008009999999999775,0.0033401695066767687,6.0982872823258954e-05,0.0,0.0,0.0,-0.0001783333333332425,0.0007173078527073861,1.3096189720114283e-05
THR 267,R THR 267,0.0,0.0,0.0,-0.00011999999999999419,0.00032496153618542247,5.932958789676239e-06,0.0016633333333331184,0.0021782230270464983,3.976872957301842e-05,-0.0008456666666666679,0.002246593248058543,4.101699331668211e-05,0.0,0.0,0.0,0.0006976666666665175,0.0007621862560351616,1.3915553515028867e-05
THR 268,R THR 268,0.0,0.0,0.0,-8.099999999999748e-05,0.0002728351150420256,4.9812648996011485e-06,-0.002749666666666728,0.006263997649708753,0.0001143644270968276,0.002449666666666667,0.006312062517293527,0.00011524196750348357,0.0,0.0,0.0,-0.00038100000000005583,0.0006960644127281556,1.2708339344259895e-05
PRO 269,R PRO 269,0.0,0.0,0.0,-5.566666666666794e-05,0.0002292768825871706,4.1860040169152254e-06,-0.004161333333333336,0.00304761735714231,5.564162577170404e-05,0.003992999999999989,0.003065662136200511,5.5971076856216497e-05,0.0,0.0,0.0,-0.00022400000000001263,0.0006238247617186351,1.1389429797452723e-05
GLU 270,R GLU 270,0.0,0.0,0.0,-0.00010066666666667038,0.0003008868373473582,5.493416935717865e-06,-0.04233366666666684,0.08693199449314123,0.0015871538117602777,0.04247933333333346,0.08669584518815697,0.001582842335050976,0.0,0.0,0.0,4.49999999999567e-05,0.000723630891177631,1.3211632080185153e-05
MET 271,R MET 271,0.0,0.0,0.0,-0.0003096666666666709,0.00046235616381987534,8.441430017523322e-06,-0.012375666666666665,0.008357663622222677,0.00015258936313105651,0.013497333333333387,0.008693752137151168,0.00015872547182921472,0.0,0.0,0.0,0.0008120000000000464,0.0010862731393775432,1.9832543401634456e-05
TYR 272,R TYR 272,0.0,0.0,0.0,-0.0001653333333333311,0.0003714811196039692,6.78228629647895e-06,-0.008212333333333372,0.002676549001149564,4.886687547325123e-05,0.007517333333333292,0.0026854607715540886,4.902958139584673e-05,0.0,0.0,0.0,-0.0008603333333333603,0.0007908812946467387,1.4439450846230285e-05
GLN 273,R GLN 273,0.0,0.0,0.0,-0.00011599999999999892,0.0003202249209540039,5.846480422727222e-06,-0.0007396666666667547,0.005210747856327586,9.51348047460769e-05,0.0014680000000000183,0.004998564060474499,9.126087636855001e-05,0.0,0.0,0.0,0.000612333333333287,0.0007882773764495796,1.4391910021747545e-05
THR 274,R THR 274,0.0,0.0,0.0,-0.000249999999999996,0.00043301270189221463,7.905694150420862e-06,-0.016354666666666635,0.0031581975168686657,5.766053403485902e-05,0.020807666666666898,0.0035304401834436823,6.445672421315938e-05,0.0,0.0,0.0,0.004202999999999997,0.001512103722191961,2.7607110597735402e-05
MET 275,R MET 275,0.0,0.0,0.0,-0.0003750000000000118,0.0004841229182759452,8.838834764832175e-06,-0.012417333333333329,0.0032816407820209373,5.99142893980587e-05,0.013070333333333451,0.0034131197687081714,6.231475629294269e-05,0.0,0.0,0.0,0.00027800000000014776,0.0012434023215893903,2.2701316652960063e-05
LEU 276,R LEU 276,0.0,0.0,0.0,-0.0001493333333333308,0.00035641673486087096,6.5072495185212314e-06,-0.008557333333333328,0.002267019972464903,4.138993257445893e-05,0.007739666666666742,0.0022513462392281915,4.1103770665990086e-05,0.0,0.0,0.0,-0.0009669999999999885,0.0008318118777704223,1.5186737635186344e-05
ASP 277,R ASP 277,0.0,0.0,0.0,-0.00016933333333333275,0.00037504607124399375,6.847373110800833e-06,-0.1455106666666668,0.08616039240599759,0.0015730663494753895,0.14601800000000006,0.08595375312340914,0.001569293649597377,0.0,0.0,0.0,0.0003380000000000199,0.0009566030176269042,1.7465101711058914e-05
CYS 278,R CYS 278,0.0,0.0,0.0,-0.00045666666666666376,0.000498118682868069,9.094361297386785e-06,-0.0205183333333333,0.004353963392384274,7.949213215201945e-05,0.023452666666667094,0.004712228017494195,8.603311937631396e-05,0.0,0.0,0.0,0.0024776666666665487,0.0016914001760541123,3.088060100643489e-05
TRP 279,R TRP 279,0.0,0.0,0.0,-0.0005589999999999803,0.0004965067975365444,9.064932432180526e-06,0.007692999999999913,0.007118760496041378,0.00012997019017195094,-0.010331999999999987,0.007270977192463891,0.00013274927411393515,0.0,0.0,0.0,-0.003198000000000062,0.0013327150233012589,2.4331936032937417e-05
HID 280,R HID 280,0.0,0.0,0.0,-0.00019233333333333095,0.00039413350811903677,7.195860435514732e-06,-0.008856000000000027,0.0073623771523425125,0.00013441800143995476,0.008312999999999956,0.007251323856142891,0.00013239045492616024,0.0,0.0,0.0,-0.0007353333333334331,0.0007775720045258499,1.4196457565443903e-05
GLY 281,R GLY 281,0.0,0.0,0.0,-8.09999999999987e-05,0.00027283511504202986,4.981264899601226e-06,-0.013308000000000054,0.00440414229258477,8.040826933703986e-05,0.013118333333333326,0.004337702604938278,7.919525214912049e-05,0.0,0.0,0.0,-0.00027066666666672207,0.0006723636582153656,1.2275624748374982e-05
GLU 282,R GLU 282,0.0,0.0,0.0,-0.00015900000000000498,0.0003656760861746478,6.676301371268587e-06,-0.24205499999999894,0.07963702222166329,0.0014539664494448387,0.24176866666666663,0.07937129509393641,0.0014491149580449364,0.0,0.0,0.0,-0.00044533333333327126,0.0007947818708438031,1.4510665298576948e-05
PRO 283,R PRO 283,0.0,0.0,0.0,-0.0003303333333333433,0.00047033309709421805,8.58706822732569e-06,0.0007916666666667164,0.003571031208053072,6.519781154018638e-05,-0.0014313333333333326,0.0034752388247268878,6.344888990068861e-05,0.0,0.0,0.0,-0.0009699999999999944,0.000899129208363998,1.6415778317757477e-05
SER 284,R SER 284,0.0,0.0,0.0,-0.00014700000000000325,0.0003541059163583757,6.465059937850666e-06,0.001909999999999954,0.006675769618553264,0.00012188232029297603,-0.001740666666666665,0.006722555036756645,0.0001227365012567195,0.0,0.0,0.0,2.233333333332351e-05,0.0007027336305852066,1.2830102046300666e-05
GLN 285,R GLN 285,0.0,0.0,0.0,-0.00014366666666667128,0.00035075141561448267,6.40381541363073e-06,0.005725999999999945,0.005574369082386605,0.00010177358967608391,-0.0047479999999999675,0.005547476543438477,0.00010128260133573472,0.0,0.0,0.0,0.0008343333333332599,0.0007340898370696529,1.3402585433278032e-05
ARG 286,R ARG 286,0.0,0.0,0.0,-0.000639666666666671,0.0004800970966608991,8.765333654463753e-06,0.30247699999999994,0.12477142356191345,0.002278004107229719,-0.28580966666666685,0.12442691605874028,0.002271714289539128,0.0,0.0,0.0,0.016027666666667037,0.002980755142950113,5.442089433977709e-05
PRO 287,R PRO 287,0.0,0.0,0.0,-0.00040999999999999896,0.0004918333050943134,8.979606524415866e-06,-0.01925933333333339,0.006194842980702142,0.00011310184135777012,0.02024600000000022,0.00616610228047821,0.00011257711036339873,0.0,0.0,0.0,0.0005766666666667744,0.0011972700428704958,2.185906033017826e-05
THR 288,R THR 288,0.0,0.0,0.0,-0.0006973333333333408,0.0004594121848139551,8.387680560511184e-06,0.027335000000000036,0.008829879670754106,0.00016121080919094375,-0.015823000000000042,0.008991570367108799,0.00016416286391534988,0.0,0.0,0.0,0.010814666666666644,0.002633435947367647,4.8079742403941584e-05
PHE 289,R PHE 289,0.0,0.0,0.0,-0.005432000000000017,0.0009266657074338013,1.6918523707599188e-05,0.02421933333333341,0.007859043170486028,0.00014348584082940388,-0.04724200000000025,0.009445956948166627,0.00017245878992445062,0.0,0.0,0.0,-0.02845466666666665,0.006621022948825758,0.00012088278742770802
SER 290,R SER 290,0.0,0.0,0.0,-0.0006730000000000043,0.0004691172561311049,8.564870109931161e-06,0.017203000000000048,0.013596854697563712,0.00024824346763252427,-0.018275999999999945,0.013070162865600964,0.000238627434391867,0.0,0.0,0.0,-0.0017460000000000067,0.002107482858767691,3.8477196710084613e-05
GLU 291,R GLU 291,0.0,0.0,0.0,-0.00040600000000000266,0.0004910845141113698,8.96593553400871e-06,-0.22510266666666687,0.0916717375179251,0.0016736892841420074,0.22677866666666704,0.0916186935704465,0.001672720838589569,0.0,0.0,0.0,0.0012700000000000528,0.0019343646674468617,3.531650542672084e-05
LEU 292,R LEU 292,0.0,0.0,0.0,-0.0009513333333333518,0.0003156446666039699,5.76285680183973e-06,0.02782166666666659,0.006408421325794141,0.00011700123060448714,-0.016258000000000144,0.006259827154162808,0.00011428828461394464,0.0,0.0,0.0,0.010612333333333232,0.0026773210283581764,4.888097069715672e-05
VAL 293,R VAL 293,0.0,0.0,0.0,-0.001051333333333345,0.000318378530822749,5.812770105232448e-06,0.024442999999999916,0.0043327532816905545,7.910489028288172e-05,-0.021948333333333677,0.005688086721871534,0.00010384978022048844,0.0,0.0,0.0,0.0014433333333333607,0.0034381374156494883,6.277151394512467e-05
GLU 294,R GLU 294,0.0,0.0,0.0,-0.00030699999999999743,0.00046124939024349914,8.421223189062258e-06,-0.15886533333333314,0.08762013770564106,0.0015997175304362852,0.15708366666666654,0.08740511045254833,0.0015957916878697098,0.0,0.0,0.0,-0.0020886666666668223,0.0013072126410379097,2.3866328365078883e-05
HID 295,R HID 295,0.0,0.0,0.0,-0.0002800000000000017,0.00044899888641287847,8.19756061276778e-06,0.01892300000000001,0.008396729780099026,0.0001533026103278543,-0.016196999999999958,0.008270521406376801,0.00015099837122006416,0.0,0.0,0.0,0.0024460000000001655,0.0011867675987037548,2.1667312810876175e-05
LEU 296,R LEU 296,0.0,0.0,0.0,-0.000651666666666667,0.0004764422548664436,8.698605677965888e-06,0.018128666666666623,0.0059858815743564315,0.0001092867454943185,-0.013211000000000077,0.006183241787282458,0.00011289003351343873,0.0,0.0,0.0,0.004266000000000034,0.0016008052140511618,2.922657086359024e-05
GLY 297,R GLY 297,0.0,0.0,0.0,-0.0001489999999999975,0.000356088472152632,6.501256288851557e-06,0.014141333333333322,0.0028225328263025103,5.1532163275489856e-05,-0.015496666666666766,0.002943918401645942,5.374835053453454e-05,0.0,0.0,0.0,-0.0015043333333333328,0.0009186845063578105,1.67728075787557e-05
ASN 298,R ASN 298,0.0,0.0,0.0,-0.0001266666666666681,0.00033259919155377506,6.07240266073281e-06,0.013289666666666426,0.006252233725282284,0.00011414964820438883,-0.012884666666666609,0.006146980143850272,0.00011222798951077149,0.0,0.0,0.0,0.00027833333333315835,0.0007630184940237898,1.3930748032348349e-05
LEU 299,R LEU 299,0.0,0.0,0.0,-0.00019066666666667527,0.000392826792478445,7.172003181094834e-06,0.008649999999999963,0.0041543752037259685,7.58481670473611e-05,-0.0074469999999999805,0.004037968672488717,7.372288428070869e-05,0.0,0.0,0.0,0.0010123333333332642,0.0008649746945558766,1.5792205062646487e-05
LEU 300,R LEU 300,0.0,0.0,0.0,-0.0003406666666666555,0.00047393342242226156,8.652800873876578e-06,0.0085583333333336,0.003820811068637129,6.975814700859916e-05,-0.008666333333333267,0.003948797271181306,7.209484468136154e-05,0.0,0.0,0.0,-0.0004486666666664633,0.0009398749325785236,1.715969006023015e-05
GLN 301,R GLN 301,0.0,0.0,0.0,-0.00012366666666666627,0.0003292008842974476,6.010358342678676e-06,0.0073053333333334795,0.007132655294878362,0.00013022387333045136,-0.0073620000000000135,0.00711380976223949,0.00012987980255263436,0.0,0.0,0.0,-0.00018033333333319017,0.0006829933300470564,1.2469695116411458e-05
ALA 302,R ALA 302,0.0,0.0,0.0,-8.0000000000002e-05,0.00027129319932501757,4.953113498935248e-06,0.0017470000000000757,0.0045042562464110225,8.223609169809549e-05,-0.0015810000000000067,0.00460710744393918,8.411388906318187e-05,0.0,0.0,0.0,8.600000000003287e-05,0.0006692812064697026,1.2219347136590954e-05
ASN 303,R ASN 303,0.0,0.0,0.0,-0.00011133333333333358,0.00031454446779783393,5.742770011711032e-06,0.00879133333333327,0.04827450457079309,0.0008813678368603207,-0.008618000000000126,0.04813422977466205,0.0008788067811906404,0.0,0.0,0.0,6.20000000000213e-05,0.0009378109262174263,1.7122006632136578e-05
E02 304,L E02   1,0.0,0.0,0.0,-27.645412333333347,1.4212028519222615,0.025947495359616563,-13.491780999999964,1.8165199407218748,0.03316496492304393,26.391980999999983,1.2759930689361727,0.02329633956921954,-4.3306626671999915,0.06110493333218727,0.0011156183453629427,-19.07587500053332,1.8716564155212752,0.03417161462267549

