#Res        AtomicFlx
   1.000       4.7097
   2.000       4.5190
   3.000       4.5683
   4.000       2.7837
   5.000       2.5880
   6.000       1.7582
   7.000       1.4108
   8.000       1.0686
   9.000       1.0475
  10.000       0.9133
  11.000       1.0555
  12.000       0.9856
  13.000       0.6702
  14.000       0.6452
  15.000       0.6553
  16.000       0.7591
  17.000       0.7576
  18.000       0.9657
  19.000       0.8261
  20.000       0.7615
  21.000       0.8172
  22.000       0.7810
  23.000       0.9788
  24.000       1.1061
  25.000       0.8578
  26.000       0.7889
  27.000       0.7999
  28.000       0.7398
  29.000       0.8392
  30.000       1.6206
  31.000       1.8056
  32.000       0.6484
  33.000       0.5635
  34.000       0.5160
  35.000       0.5748
  36.000       0.6434
  37.000       0.6114
  38.000       0.7101
  39.000       0.6816
  40.000       0.8368
  41.000       0.9555
  42.000       0.8438
  43.000       1.2398
  44.000       1.4055
  45.000       1.5347
  46.000       1.5292
  47.000       1.1992
  48.000       0.9528
  49.000       0.8478
  50.000       0.6705
  51.000       0.5095
  52.000       0.4872
  53.000       0.4324
  54.000       0.4327
  55.000       0.5260
  56.000       0.6639
  57.000       0.8547
  58.000       1.1703
  59.000       1.5400
  60.000       1.0777
  61.000       1.1179
  62.000       1.0769
  63.000       1.0485
  64.000       0.8346
  65.000       0.7510
  66.000       0.7937
  67.000       0.7349
  68.000       0.6012
  69.000       0.6311
  70.000       0.7512
  71.000       0.6915
  72.000       0.5438
  73.000       0.7034
  74.000       0.6790
  75.000       0.6079
  76.000       0.6467
  77.000       0.7333
  78.000       0.8059
  79.000       0.8450
  80.000       0.6647
  81.000       0.5564
  82.000       0.5238
  83.000       0.4801
  84.000       0.4798
  85.000       0.4896
  86.000       0.5106
  87.000       0.4489
  88.000       0.4805
  89.000       0.5203
  90.000       0.4747
  91.000       0.5744
  92.000       0.7489
  93.000       0.9477
  94.000       1.2304
  95.000       1.4382
  96.000       1.0319
  97.000       0.8506
  98.000       0.6400
  99.000       0.5309
 100.000       0.4101
 101.000       0.3918
 102.000       0.4288
 103.000       0.5184
 104.000       0.5461
 105.000       0.5660
 106.000       0.8199
 107.000       0.6671
 108.000       0.6518
 109.000       0.5542
 110.000       0.5174
 111.000       0.5833
 112.000       0.6302
 113.000       0.5692
 114.000       0.5144
 115.000       0.6356
 116.000       0.7293
 117.000       0.7343
 118.000       0.8201
 119.000       1.0843
 120.000       0.9529
 121.000       0.8233
 122.000       0.9087
 123.000       1.1915
 124.000       1.5530
 125.000       1.7739
 126.000       1.9379
 127.000       2.6164
 128.000       2.9868
 129.000       2.9007
 130.000       2.8845
 131.000       2.2870
 132.000       2.3139
 133.000       2.3976
 134.000       1.8761
 135.000       1.0931
 136.000       0.8378
 137.000       0.7949
 138.000       0.7153
 139.000       0.6761
 140.000       0.6174
 141.000       0.5286
 142.000       0.4783
 143.000       0.5065
 144.000       0.4978
 145.000       0.4794
 146.000       0.4625
 147.000       0.5025
 148.000       0.4757
 149.000       0.4683
 150.000       0.4981
 151.000       0.4960
 152.000       0.4560
 153.000       0.4898
 154.000       0.5072
 155.000       0.5080
 156.000       0.5749
 157.000       0.6516
 158.000       0.7011
 159.000       0.7743
 160.000       0.6562
 161.000       0.7105
 162.000       0.5754
 163.000       0.5837
 164.000       0.5416
 165.000       0.5337
 166.000       0.5449
 167.000       0.5385
 168.000       0.5863
 169.000       0.5385
 170.000       0.4582
 171.000       0.4934
 172.000       0.5692
 173.000       0.7799
 174.000       1.1661
 175.000       1.2341
 176.000       1.2012
 177.000       0.6682
 178.000       0.5236
 179.000       0.4778
 180.000       0.4494
 181.000       0.4706
 182.000       0.5121
 183.000       0.5129
 184.000       0.6063
 185.000       0.6864
 186.000       0.6689
 187.000       0.7652
 188.000       0.8739
 189.000       1.0462
 190.000       1.2100
 191.000       1.2034
 192.000       0.9185
 193.000       0.9819
 194.000       0.7421
 195.000       0.7097
 196.000       0.8320
 197.000       1.2170
 198.000       1.5404
 199.000       2.1499
 200.000       2.3501
 201.000       1.7334
 202.000       1.0908
 203.000       0.8055
 204.000       0.5625
 205.000       0.5547
 206.000       0.5121
 207.000       0.4803
 208.000       0.6075
 209.000       0.5918
 210.000       0.6840
 211.000       0.6851
 212.000       0.7204
 213.000       0.7931
 214.000       0.8841
 215.000       0.9528
 216.000       0.9373
 217.000       0.8842
 218.000       0.7883
 219.000       0.7262
 220.000       0.6359
 221.000       0.5583
 222.000       0.5036
 223.000       0.4477
 224.000       0.4183
 225.000       0.4297
 226.000       0.4004
 227.000       0.4082
 228.000       0.4310
 229.000       0.4013
 230.000       0.4131
 231.000       0.4421
 232.000       0.4608
 233.000       0.4457
 234.000       0.4368
 235.000       0.4979
 236.000       0.5094
 237.000       0.5120
 238.000       0.5806
 239.000       0.6440
 240.000       0.6598
 241.000       0.5637
 242.000       0.6757
 243.000       1.1114
 244.000       1.5535
 245.000       1.1210
 246.000       1.0676
 247.000       0.8844
 248.000       1.0911
 249.000       1.3992
 250.000       1.2692
 251.000       0.8288
 252.000       0.9571
 253.000       1.0887
 254.000       0.8847
 255.000       0.8094
 256.000       1.0361
 257.000       1.0598
 258.000       0.9435
 259.000       0.7921
 260.000       0.6901
 261.000       0.6813
 262.000       0.7436
 263.000       0.8174
 264.000       0.8548
 265.000       1.4603
 266.000       1.2006
 267.000       0.9637
 268.000       1.1276
 269.000       1.1031
 270.000       1.0031
 271.000       0.8576
 272.000       0.7137
 273.000       0.7517
 274.000       0.7094
 275.000       0.5611
 276.000       0.5770
 277.000       0.6296
 278.000       0.4824
 279.000       0.5234
 280.000       0.6233
 281.000       0.7283
 282.000       0.7497
 283.000       0.6812
 284.000       0.8350
 285.000       0.7814
 286.000       0.5813
 287.000       0.5848
 288.000       0.5989
 289.000       0.5194
 290.000       0.6940
 291.000       0.6868
 292.000       0.5896
 293.000       0.6248
 294.000       0.7550
 295.000       0.7345
 296.000       0.6181
 297.000       0.7591
 298.000       0.9049
 299.000       0.8667
 300.000       0.8729
 301.000       1.2289
 302.000       3.0399
 303.000       4.7185
