#Res        AtomicFlx
   1.000       2.4945
   2.000       1.5779
   3.000       1.0074
   4.000       1.3555
   5.000       1.4447
   6.000       1.0054
   7.000       1.0462
   8.000       0.9146
   9.000       1.0377
  10.000       0.8991
  11.000       1.0436
  12.000       0.9771
  13.000       0.6887
  14.000       0.6392
  15.000       0.6448
  16.000       0.7592
  17.000       0.7808
  18.000       1.0123
  19.000       0.8770
  20.000       0.8029
  21.000       0.8797
  22.000       0.8336
  23.000       1.0297
  24.000       1.1437
  25.000       0.8688
  26.000       0.7396
  27.000       0.7384
  28.000       0.6854
  29.000       0.8273
  30.000       1.4522
  31.000       1.2458
  32.000       0.6601
  33.000       0.5708
  34.000       0.5245
  35.000       0.5817
  36.000       0.6613
  37.000       0.6486
  38.000       0.7605
  39.000       0.7200
  40.000       0.8703
  41.000       0.9745
  42.000       0.8575
  43.000       1.1665
  44.000       1.3559
  45.000       1.5009
  46.000       1.5255
  47.000       1.2410
  48.000       0.9921
  49.000       0.8486
  50.000       0.7185
  51.000       0.5590
  52.000       0.5115
  53.000       0.4399
  54.000       0.4382
  55.000       0.5333
  56.000       0.7439
  57.000       0.8680
  58.000       1.0284
  59.000       1.3469
  60.000       1.0231
  61.000       1.1157
  62.000       1.0894
  63.000       1.0184
  64.000       0.8152
  65.000       0.7484
  66.000       0.7830
  67.000       0.7133
  68.000       0.5677
  69.000       0.5908
  70.000       0.6745
  71.000       0.6197
  72.000       0.4997
  73.000       0.5740
  74.000       0.5686
  75.000       0.5342
  76.000       0.5919
  77.000       0.6629
  78.000       0.7353
  79.000       0.7838
  80.000       0.6767
  81.000       0.5809
  82.000       0.5575
  83.000       0.4977
  84.000       0.4803
  85.000       0.4702
  86.000       0.5238
  87.000       0.4680
  88.000       0.5048
  89.000       0.5294
  90.000       0.4731
  91.000       0.5425
  92.000       0.6964
  93.000       0.8848
  94.000       1.1584
  95.000       1.3858
  96.000       1.0386
  97.000       0.8713
  98.000       0.6303
  99.000       0.5219
 100.000       0.4240
 101.000       0.4081
 102.000       0.4536
 103.000       0.5585
 104.000       0.5957
 105.000       0.6008
 106.000       0.8575
 107.000       0.6993
 108.000       0.6647
 109.000       0.5713
 110.000       0.5655
 111.000       0.6533
 112.000       0.6936
 113.000       0.6357
 114.000       0.5966
 115.000       0.7438
 116.000       0.8715
 117.000       0.8492
 118.000       0.8992
 119.000       1.1891
 120.000       1.0410
 121.000       0.9112
 122.000       1.1292
 123.000       1.6472
 124.000       2.1474
 125.000       2.7658
 126.000       3.3695
 127.000       4.3432
 128.000       4.6750
 129.000       4.0702
 130.000       4.2628
 131.000       3.8250
 132.000       2.9972
 133.000       3.0531
 134.000       2.7628
 135.000       1.5718
 136.000       1.1320
 137.000       1.0378
 138.000       0.8071
 139.000       0.6897
 140.000       0.6117
 141.000       0.5366
 142.000       0.5240
 143.000       0.5441
 144.000       0.5203
 145.000       0.5060
 146.000       0.5001
 147.000       0.5217
 148.000       0.4965
 149.000       0.4924
 150.000       0.5297
 151.000       0.5115
 152.000       0.4584
 153.000       0.4892
 154.000       0.5078
 155.000       0.5083
 156.000       0.5525
 157.000       0.6096
 158.000       0.6302
 159.000       0.6878
 160.000       0.6038
 161.000       0.5974
 162.000       0.4873
 163.000       0.4958
 164.000       0.4659
 165.000       0.4900
 166.000       0.5414
 167.000       0.5350
 168.000       0.5786
 169.000       0.5047
 170.000       0.4660
 171.000       0.5011
 172.000       0.6047
 173.000       0.8477
 174.000       1.2407
 175.000       1.2562
 176.000       1.2172
 177.000       0.6868
 178.000       0.5320
 179.000       0.4787
 180.000       0.4381
 181.000       0.4571
 182.000       0.4474
 183.000       0.5002
 184.000       0.6807
 185.000       0.6843
 186.000       0.6469
 187.000       0.8115
 188.000       0.8573
 189.000       1.1048
 190.000       1.1845
 191.000       1.1117
 192.000       0.9027
 193.000       1.0370
 194.000       0.7023
 195.000       0.6434
 196.000       0.7482
 197.000       1.1297
 198.000       1.4537
 199.000       2.1611
 200.000       2.3164
 201.000       1.5389
 202.000       0.9171
 203.000       0.6934
 204.000       0.4982
 205.000       0.5040
 206.000       0.5040
 207.000       0.4504
 208.000       0.5162
 209.000       0.4727
 210.000       0.5889
 211.000       0.5888
 212.000       0.5701
 213.000       0.7347
 214.000       0.8272
 215.000       0.9077
 216.000       0.8996
 217.000       0.9037
 218.000       0.8158
 219.000       0.6577
 220.000       0.5658
 221.000       0.4901
 222.000       0.4451
 223.000       0.4076
 224.000       0.4004
 225.000       0.4057
 226.000       0.3892
 227.000       0.4139
 228.000       0.4423
 229.000       0.4091
 230.000       0.4333
 231.000       0.4695
 232.000       0.4778
 233.000       0.4711
 234.000       0.4765
 235.000       0.5344
 236.000       0.5530
 237.000       0.5803
 238.000       0.6485
 239.000       0.7094
 240.000       0.7214
 241.000       0.6011
 242.000       0.7074
 243.000       1.1251
 244.000       1.5420
 245.000       1.1171
 246.000       1.0568
 247.000       0.8890
 248.000       1.1521
 249.000       1.4532
 250.000       1.2758
 251.000       0.8263
 252.000       0.9888
 253.000       1.0865
 254.000       0.8665
 255.000       0.8279
 256.000       1.0145
 257.000       1.0166
 258.000       0.8961
 259.000       0.7843
 260.000       0.7041
 261.000       0.7027
 262.000       0.7690
 263.000       0.7512
 264.000       0.8459
 265.000       1.3082
 266.000       1.0689
 267.000       0.8794
 268.000       1.0053
 269.000       1.0171
 270.000       0.9784
 271.000       0.8011
 272.000       0.6814
 273.000       0.7185
 274.000       0.6686
 275.000       0.5526
 276.000       0.5674
 277.000       0.5943
 278.000       0.4680
 279.000       0.5065
 280.000       0.5720
 281.000       0.6471
 282.000       0.6644
 283.000       0.5977
 284.000       0.7782
 285.000       0.7289
 286.000       0.5402
 287.000       0.5672
 288.000       0.5840
 289.000       0.5178
 290.000       0.6890
 291.000       0.6946
 292.000       0.6055
 293.000       0.6532
 294.000       0.7797
 295.000       0.7576
 296.000       0.6536
 297.000       0.8229
 298.000       0.9709
 299.000       0.9444
 300.000       1.0077
 301.000       1.4784
 302.000       2.5317
 303.000       4.4208
