| Run on Sat May 23 21:17:25 2026
| GB non-polar solvation energies calculated with gbsa=2
idecomp = 1: Per-residue decomp adding 1-4 interactions to Internal.
Energy Decomposition Analysis (All units kcal/mol): Generalized Born solvent
DELTAS:
Total Energy Decomposition:
Residue,Location,Internal,,,van der Waals,,,Electrostatic,,,Polar Solvation,,,Non-Polar Solv.,,,TOTAL,,
,,Avg.,Std. Dev.,Std. Err. of Mean,Avg.,Std. Dev.,Std. Err. of Mean,Avg.,Std. Dev.,Std. Err. of Mean,Avg.,Std. Dev.,Std. Err. of Mean,Avg.,Std. Dev.,Std. Err. of Mean
GLU   1,R GLU   1,0.0,0.0,0.0,-0.011233999999999971,0.012928750029810818,0.00023604560105576578,-0.018554666666666813,0.21601904934107619,0.003943950205830964,0.14815800000000048,0.2313025530252528,0.0042229875300155255,-0.0001810847999999999,0.00240703080685083,4.394616898406867e-05,0.11818824853333408,0.07749101646706993,0.0014147859241006161
HID   2,R HID   2,0.0,0.0,0.0,-0.04650633333333345,0.048022508193785694,0.0008767670335237698,-0.026613333333333315,0.08795034861910578,0.0016057463293042524,0.08053966666666662,0.10266598800587402,0.0018744159173124009,-0.0017497199999999976,0.006592644384111736,0.00012036466809292502,0.005670279999999936,0.04145867919397221,0.0007569284599636226
CYS   3,R CYS   3,0.0,0.0,0.0,-0.0196833333333333,0.0072068293228638855,0.00013157809960740772,0.011765999999999987,0.026768860839913613,0.0004887302973579124,-0.002669999999999994,0.027798257139612138,0.0005075244164898201,0.0,0.0,0.0,-0.010587333333333483,0.02197949892260695,0.00040128891208574403
GLU   4,R GLU   4,0.0,0.0,0.0,-0.006929333333333287,0.0035288817240342572,6.44282707673761e-05,-0.6338569999999989,0.15514383611454077,0.002832525956593954,0.6316156666666681,0.1563638170674027,0.002854799659514258,0.0,0.0,0.0,-0.0091706666666667,0.0141634814301509,0.0002585886090699726
ARG   5,R ARG   5,0.0,0.0,0.0,-0.0023096666666666617,0.0007885259806894367,1.4396448893416249e-05,0.36670800000000087,0.09888873917690923,0.0018054531043479344,-0.35572433333333386,0.09596209498835796,0.0017520201363525703,0.0,0.0,0.0,0.00867400000000051,0.005763134910792961,0.00010521996641956092
LEU   6,R LEU   6,0.0,0.0,0.0,-0.005682333333333324,0.0013701902138836329,2.5016136273896463e-05,-0.02314066666666658,0.008384601733071189,0.00015308118349666665,0.03397000000000036,0.009312702794211043,0.00017002591305769263,0.0,0.0,0.0,0.00514699999999996,0.004644788226245159,8.480184287829609e-05
PRO   7,R PRO   7,0.0,0.0,0.0,-0.0016299999999999943,0.000520672641877735,9.506138367741483e-06,-0.003172999999999952,0.01411464030714196,0.0002576968962431099,0.006279333333333323,0.013403854155511458,0.0002447197759494328,0.0,0.0,0.0,0.0014763333333334175,0.00271651244961038,4.95965048798407e-05
TYR   8,R TYR   8,0.0,0.0,0.0,-0.0054173333333333365,0.0009094867905707183,1.660488103161864e-05,0.009446999999999876,0.010278222495483724,0.0001876538103944492,-0.012982333333333323,0.010282542870753808,0.00018773268929419293,0.0,0.0,0.0,-0.008952666666666678,0.005224980978168569,9.539466480927777e-05
ASP   9,R ASP   9,0.0,0.0,0.0,-0.00126833333333334,0.0006300771557692726,1.150358237278423e-05,-0.12354633333333352,0.09904390198234747,0.0018082859766354116,0.1291803333333337,0.09833668938849226,0.0017953741002818702,0.0,0.0,0.0,0.0043656666666667164,0.003473224422476541,6.341211211560849e-05
ALA  10,R ALA  10,0.0,0.0,0.0,-0.0006830000000000071,0.0004710035385571015,8.59930875774929e-06,0.0126360000000001,0.004979776166321874,9.091785792070294e-05,-0.010335333333333243,0.005041251652340199,9.204024160156394e-05,0.0,0.0,0.0,0.001617666666666797,0.0016597654118044314,3.0303031873737944e-05
SER  11,R SER  11,0.0,0.0,0.0,-0.000847666666666661,0.0006824914325876463,1.2460531764409008e-05,0.011465333333333383,0.011936448308530533,0.00021792873316921858,-0.006035999999999954,0.014979298069891962,0.00027348331494911414,0.0,0.0,0.0,0.004581666666666759,0.0038423079725023574,7.015062498071602e-05
LYS  12,R LYS  12,0.0,0.0,0.0,-0.0022903333333333417,0.0006345916447255161,1.1586005287348981e-05,-0.051067666666666595,0.1520292836524888,0.0027756622685939833,0.07624833333333345,0.15378176310567163,0.0028076580195297352,0.0,0.0,0.0,0.022890333333333464,0.008174450433447786,0.0001492443632535745
TRP  13,R TRP  13,0.0,0.0,0.0,-0.012866666666666639,0.0018159172766280506,3.3153961832417734e-05,0.028052,0.022644925023795795,0.0004134378749515389,-0.07048500000000019,0.02626558791143449,0.0004795418328409224,0.0,0.0,0.0,-0.055299666666666705,0.014643537820106259,0.00026735319952507416
GLU  14,R GLU  14,0.0,0.0,0.0,-0.0023679999999999856,0.0005137210656895926,9.379220531459437e-06,-0.1464940000000001,0.13262472606569223,0.0024213851383041002,0.12959333333333334,0.13298245732259378,0.002427916387601756,0.0,0.0,0.0,-0.01926866666666648,0.009495568346456009,0.00017336456598953287
PHE  15,R PHE  15,0.0,0.0,0.0,-0.003819666666666676,0.0006661930817877983,1.2162965951635371e-05,-0.018686999999999978,0.006273465097801278,0.00011453727825957043,0.013501666666666762,0.007797691788101152,0.0001423657229605265,0.0,0.0,0.0,-0.009005000000000036,0.00391590453577896,7.14943082427644e-05
PRO  16,R PRO  16,0.0,0.0,0.0,-0.0010873333333333336,0.000354550732931379,6.4731811402168674e-06,0.02525100000000001,0.009956404923465167,0.00018177825227457897,-0.02406566666666672,0.010009296739642248,0.00018274392030216574,0.0,0.0,0.0,9.799999999994805e-05,0.0024460299807373413,4.465819322612562e-05
ARG  17,R ARG  17,0.0,0.0,0.0,-0.0025909999999999926,0.0005908065109098219,1.0786601771541048e-05,0.09700733333333288,0.13717091022840358,0.0025043867255204254,-0.06388133333333368,0.13999363765860445,0.0025559224417607456,0.0,0.0,0.0,0.03053500000000046,0.007594478805904029,0.00013865557848295116
ASP  18,R ASP  18,0.0,0.0,0.0,-0.0005749999999999944,0.0004943429983321067,9.02542704437445e-06,0.12705733333333377,0.08501756316327921,0.0015522012376216097,-0.12454233333333314,0.08449743314378816,0.0015427050061379145,0.0,0.0,0.0,0.0019399999999999789,0.0016019987515599695,2.9248361777483657e-05
ARG  19,R ARG  19,0.0,0.0,0.0,-0.001178333333333356,0.00040562366246998396,7.405640993089062e-06,-0.1496429999999998,0.09122170182765357,0.0016654727941672032,0.15895900000000013,0.09268322386314884,0.0016921564137382574,0.0,0.0,0.0,0.008137666666667088,0.0038770325278783425,7.07846057233415e-05
LEU  20,R LEU  20,0.0,0.0,0.0,-0.007229999999999971,0.0018285969120246384,3.338545924333947e-05,-0.03371766666666679,0.015684725729901077,0.0002863626030182834,0.05045433333333339,0.017356341239506582,0.000316881987087831,0.0,0.0,0.0,0.009506666666666462,0.0038226459713424994,6.979164759535112e-05
LYS  21,R LYS  21,0.0,0.0,0.0,-0.002663999999999999,0.0005754163709872648,1.0505617544916205e-05,-0.28964266666666594,0.07222288404346451,0.0013186034252895143,0.30018699999999954,0.07442189662771936,0.0013587517185106514,0.0,0.0,0.0,0.007880333333333439,0.006156406951749807,0.0001124000986884996
LEU  22,R LEU  22,0.0,0.0,0.0,-0.00890766666666659,0.0018598766685518568,3.395654685144704e-05,-0.05128366666666675,0.01819087316638643,0.0003321183857981758,0.07005133333333331,0.02075819592889029,0.0003789910721121706,0.0,0.0,0.0,0.009859999999999935,0.004227024169949228,7.717454963335809e-05
GLY  23,R GLY  23,0.0,0.0,0.0,-0.004216333333333234,0.000840753564105734,1.5349989745452542e-05,-0.03974000000000003,0.028866746728140942,0.000527032278159708,0.06789999999999974,0.030355845126324266,0.0005542193709273686,0.0,0.0,0.0,0.023943666666666488,0.0057453018390873425,0.00010489438056480179
LYS  24,R LYS  24,0.0,0.0,0.0,-0.01854066666666676,0.006420826495778377,0.00011722771698548886,-0.3350009999999998,0.14176427734917227,0.002588249751752011,0.3707276666666679,0.1538599238524677,0.0028090850330007903,0.0,0.0,0.0,0.01718599999999975,0.020073749126657738,0.000366494840345669
PRO  25,R PRO  25,0.0,0.0,0.0,-0.02872600000000016,0.00687882674104455,0.00012558961917466158,-0.05922733333333339,0.033440509160132165,0.0006105373733820841,0.14863099999999965,0.038657696590287983,0.0007057897481230424,0.0,0.0,0.0,0.06067766666666687,0.020337791617795514,0.00037131557463020295
LEU  26,R LEU  26,0.0,0.0,0.0,-0.7822563333333314,0.27087923747165266,0.004945555624100761,-0.16306666666666614,0.1463489649965307,0.0026719543132044605,0.44501733333333254,0.19641817728057273,0.0035860888800206135,-0.15494158799999969,0.04636909860307168,0.0008465800425361215,-0.6552472546666659,0.2711745893748535,0.0049509479874269334
GLY  27,R GLY  27,0.0,0.0,0.0,-0.0769533333333331,0.03900132248470087,0.00071206346991347,0.05749133333333333,0.03547597203115899,0.0006476996710296048,-0.07100133333333347,0.04264175572787204,0.0007785283834593546,-0.0006854280000000004,0.004366520845141586,7.972139882335229e-05,-0.09114876133333377,0.041844608130955176,0.0007639745261096079
ARG  28,R ARG  28,0.0,0.0,0.0,-0.020578666666666617,0.006119461704721949,0.00011172557384884098,-0.07608099999999993,0.12745122114885132,0.002326930293493512,0.1440103333333332,0.12581763082555494,0.002297105151167126,-4.1039999999995894e-07,2.2474787025462534e-05,4.103315942990088e-07,0.047350256266666814,0.018093344388627745,0.00033033776207869783
GLY  29,R GLY  29,0.0,0.0,0.0,-0.005685666666666582,0.0013125780823338563,2.3964287472704207e-05,0.031155666666666658,0.014101209211348598,0.00025745167910517537,-0.004002333333333319,0.025923509173892387,0.00047329635814109914,0.0,0.0,0.0,0.02146766666666679,0.015360282806279256,0.00028043911275526346
ALA  30,R ALA  30,0.0,0.0,0.0,-0.0027723333333333415,0.0008196551442867374,1.4964787063366591e-05,0.019369999999999995,0.01174806792625911,0.00021448939367716842,-0.002412333333333337,0.016391511458340023,0.00029926668591124107,0.0,0.0,0.0,0.014185333333333393,0.007873012017152035,0.00014374087591011397
PHE  31,R PHE  31,0.0,0.0,0.0,-0.007212666666666639,0.0020401240703010652,3.7247399113771625e-05,-0.00541933333333327,0.022554574396831662,0.00041178830573577254,0.05178300000000026,0.03235235041950813,0.0005906704037692109,0.0,0.0,0.0,0.0391509999999999,0.014796312569916271,0.0002701424720813459
GLY  32,R GLY  32,0.0,0.0,0.0,-0.012292333333333289,0.0018639227153738377,3.4030417221884406e-05,0.013664666666666624,0.036936281416635484,0.0006743611507416709,0.058769666666666665,0.03826233064719849,0.0006985713866063952,0.0,0.0,0.0,0.06014199999999993,0.021554562610578067,0.0003935306719657016
GLN  33,R GLN  33,0.0,0.0,0.0,-0.07680600000000014,0.011465209577961866,0.00020932513041246664,-0.05223533333333342,0.08449468593678279,0.001542654849229682,0.11106866666666658,0.08298201382361275,0.0015150373612799408,0.0,0.0,0.0,-0.01797266666666677,0.03156871742018595,0.0005763632880847379
VAL  34,R VAL  34,0.0,0.0,0.0,-1.5865070000000006,0.3129919636098181,0.005714425292897782,-0.5361346666666663,0.22475442271856808,0.004103435574067044,0.40070633333333416,0.1466913452112569,0.0026782052920994275,-0.13917078000000038,0.0228837142162781,0.0004177975491919056,-1.8611061133333278,0.34721039224768147,0.0063391654678090666
ILE  35,R ILE  35,0.0,0.0,0.0,-0.2757586666666667,0.09716287232385748,0.0017739432307923714,0.3909366666666665,0.1851428205167271,0.003380229971904723,-0.32840399999999925,0.12985835148602112,0.002370878279644276,-0.00031652399999999983,0.001772833132898864,3.2367356586042056e-05,-0.21354252399999996,0.09628582496679211,0.0017579306100768716
GLU  36,R GLU  36,0.0,0.0,0.0,-0.08128633333333342,0.021450136282911692,0.0003916241167903583,0.7678216666666648,0.2228779363924553,0.004069175777744978,-0.6918510000000014,0.1925279844567964,0.0035150640012663794,-1.5338399999999992e-05,0.00026422934168150193,4.824145693123287e-06,-0.0053310050666668185,0.04064874526055327,0.0007421411571162079
ALA  37,R ALA  37,0.0,0.0,0.0,-0.01721266666666668,0.0036924390614098044,6.74144055382451e-05,0.05190333333333355,0.03432590842044667,0.0006267024782911722,-0.04836566666666686,0.03717455161651436,0.0006787113495168351,0.0,0.0,0.0,-0.013674999999999883,0.008781687859783232,0.00016033095112575135
ASP  38,R ASP  38,0.0,0.0,0.0,-0.004396666666666636,0.0007715712684009381,1.4086899614202224e-05,0.6031903333333343,0.0945075628713828,0.0017254641346498023,-0.5908866666666669,0.09423103074654117,0.0017204153718947824,0.0,0.0,0.0,0.00790699999999987,0.005802098844383764,0.00010593134726478812
ALA  39,R ALA  39,0.0,0.0,0.0,-0.0024970000000000096,0.0005422093691555299,9.899343412570985e-06,0.01575699999999991,0.009067448244498897,0.00016554819808408883,-0.013540333333333448,0.01047013402758324,0.0001911576195669919,0.0,0.0,0.0,-0.0002803333333334333,0.003179163394493602,5.8043316838628027e-05
PHE  40,R PHE  40,0.0,0.0,0.0,-0.000999333333333355,0.00029325680819977575,5.354112299766105e-06,-0.0004583333333333712,0.008969481435524538,0.00016375957704535361,0.0033993333333333427,0.009053831576864103,0.0001652995928833679,0.0,0.0,0.0,0.0019416666666665424,0.002193383358092157,4.004551808278353e-05
GLY  41,R GLY  41,0.0,0.0,0.0,-0.0004900000000000051,0.0004998999899979934,9.126883367283595e-06,-0.016344666666666598,0.005968126860432985,0.00010896259025038773,0.022425000000000164,0.006550906425830468,0.00011960264071776301,0.0,0.0,0.0,0.005590333333333643,0.0017211933521700013,3.142454749371477e-05
ILE  42,R ILE  42,0.0,0.0,0.0,-0.005114000000000004,0.0008890091863044071,1.6231012838941218e-05,-0.022762666666666518,0.00987442856855786,0.00018028157564908625,0.03514766666666715,0.010612815895047882,0.00019376262214557016,0.0,0.0,0.0,0.007271000000000077,0.00420359675357509,7.674682548628539e-05
ASP  43,R ASP  43,0.0,0.0,0.0,-0.0021470000000000035,0.0009037280195574748,1.6499740738703295e-05,0.47194000000000064,0.13870903743688057,0.0025324689578002683,-0.46421033333333445,0.13770906806218167,0.0025142120983557043,0.0,0.0,0.0,0.00558266666666645,0.004831338622875223,8.820777155649014e-05
LYS  44,R LYS  44,0.0,0.0,0.0,-0.000793333333333323,0.00047464606696869395,8.665811923662045e-06,-0.27346433333333325,0.08143523026239237,0.001486797086344655,0.27566599999999963,0.08285072788254058,0.0015126404188996567,0.0,0.0,0.0,0.001408333333332969,0.0028906049924233156,5.277498530624332e-05
THR  45,R THR  45,0.0,0.0,0.0,-0.0002633333333333319,0.0004404416974911527,8.041328432725696e-06,0.006698333333333249,0.0054571052053467295,9.963265398824218e-05,-0.005636333333333314,0.00574967360426273,0.00010497419771155763,0.0,0.0,0.0,0.0007986666666665426,0.0009937126792434457,1.8142628336684363e-05
ALA  46,R ALA  46,0.0,0.0,0.0,-0.00017866666666666855,0.0003830729550475878,6.993923288324211e-06,-0.0006579999999999633,0.004348682099211056,7.93957093718938e-05,0.0014583333333333423,0.0043495130634231775,7.941088063334241e-05,0.0,0.0,0.0,0.0006216666666666789,0.0007469028644267915,1.363651823705922e-05
THR  47,R THR  47,0.0,0.0,0.0,-0.00047499999999999794,0.0004993746088859432,9.117291264405028e-06,0.004688666666666655,0.008532588795644247,0.0001557830452430064,4.600000000001033e-05,0.00867094097162087,0.00015830899883175043,0.0,0.0,0.0,0.004259666666666611,0.0013075064903174784,2.3871693294376433e-05
CYS  48,R CYS  48,0.0,0.0,0.0,-0.0008816666666666598,0.0003410726543648888,6.227106218127082e-06,-0.0033733333333332612,0.010236533701513499,0.00018689268063269327,0.014670333333333337,0.01107144916239772,0.00020213608168389696,0.0,0.0,0.0,0.010415333333333273,0.0023307005146281745,4.255257488835835e-05
ARG  49,R ARG  49,0.0,0.0,0.0,-0.006340666666666676,0.0022976682866670205,4.194949167572579e-05,-0.6734716666666671,0.21486619991028946,0.003922902151209335,0.7319739999999993,0.24323344477545383,0.004440814814773438,0.0,0.0,0.0,0.052161666666666245,0.03468517738970877,0.0006332618022470549
THR  50,R THR  50,0.0,0.0,0.0,-0.01033766666666655,0.0015217253000752284,2.7782775772584012e-05,-0.028189999999999917,0.024789269856129257,0.0004525880761428279,0.08663100000000033,0.030044736183451538,0.0005485393247322693,0.0,0.0,0.0,0.04810333333333327,0.010993724977863011,0.00020071703871278512
VAL  51,R VAL  51,0.0,0.0,0.0,-0.052452333333333316,0.008801991889465087,0.00016070165029458488,-0.08151766666666668,0.1082875847972527,0.001977051763040293,0.08834099999999985,0.08580026059983728,0.001566491272345087,0.0,0.0,0.0,-0.04562899999999993,0.04649907553561319,0.0008489530857997318
ALA  52,R ALA  52,0.0,0.0,0.0,-0.6073176666666669,0.25003793996356394,0.004565047331672214,-0.8925816666666674,0.35366260757566803,0.006456966263843027,0.5042146666666664,0.13107260297848686,0.002393047377407869,-0.09104396640000002,0.020918854845968563,0.0003819242892104413,-1.0867286330666652,0.46177105993313317,0.008430747530948234
VAL  53,R VAL  53,0.0,0.0,0.0,-0.6389266666666665,0.21894547408481052,0.0039973791673304495,0.5631783333333316,0.31942028718271875,0.005831789887158444,-0.29137033333333384,0.13712256750764495,0.0025035041122320693,-0.00798838560000002,0.005261696334570487,9.606499243955018e-05,-0.37510705226666646,0.2707191899630023,0.004942633569742084
LYS  54,R LYS  54,0.0,0.0,0.0,-2.0264580000000025,0.32419173478461577,0.005918904203275542,3.615445999999997,1.294811217803837,0.023639910390063208,-0.17231900000000003,1.038565580936355,0.018961526537576632,-0.10494097679999982,0.01929316588968343,0.0003522434054489614,1.3117280231999997,1.4162563383065017,0.025857184790004626
MET  55,R MET  55,0.0,0.0,0.0,-0.05142366666666662,0.010787160881755735,0.00019694571154583112,0.02241899999999992,0.06192218858373791,0.0011305393165800708,-0.01999399999999997,0.058015733187932225,0.0010592175252410528,0.0,0.0,0.0,-0.04899866666666687,0.027676837455814066,0.0005053076064984418
LEU  56,R LEU  56,0.0,0.0,0.0,-0.013596333333333176,0.0018127474237260627,3.3096088501138e-05,0.06691466666666669,0.025025734452536686,0.00045690530925961804,-0.06537933333333336,0.025201549678981992,0.00046011524144218383,0.0,0.0,0.0,-0.01206099999999997,0.010871734559550875,0.00019848980858248354
LYS  57,R LYS  57,0.0,0.0,0.0,-0.004797666666666689,0.0009518724821226586,1.737873434423377e-05,0.01798099999999994,0.1423130726215973,0.0025982693367573233,-0.002170000000000094,0.1489128506879107,0.0027187642474722456,0.0,0.0,0.0,0.011013333333333472,0.015131087939147483,0.00027625460612884777
GLU  58,R GLU  58,0.0,0.0,0.0,-0.001397999999999996,0.000509505642755875,9.302257790452046e-06,-0.01566733333333336,0.08704458627367673,0.0015892094470265764,0.019085000000000008,0.08574955651002912,0.0015655655465535638,0.0,0.0,0.0,0.002019666666666564,0.005544301569078577,0.00010122463449985412
GLY  59,R GLY  59,0.0,0.0,0.0,-0.0004029999999999982,0.0004905007645253919,8.955277773469563e-06,-0.004000666666666691,0.005496241099353418,0.00010034717438676198,0.00705566666666663,0.005770491130648196,0.00010535427200465026,0.0,0.0,0.0,0.0026519999999998654,0.0011246759533305086,2.0533679650758234e-05
ALA  60,R ALA  60,0.0,0.0,0.0,-0.0011843333333333395,0.00040868229986411634,7.4614838162888994e-06,0.019871999999999973,0.006654693782085752,0.00012149752992459115,-0.012609333333333389,0.006967116540498416,0.0001272015629999446,0.0,0.0,0.0,0.006078333333333392,0.002013834788545591,3.676742469250222e-05
THR  61,R THR  61,0.0,0.0,0.0,-0.0010536666666666685,0.00033484308099294936,6.113370289478923e-06,-0.03735233333333344,0.007304897527609771,0.00013336857187118628,0.0338453333333337,0.007343891671917157,0.00013408050428611186,0.0,0.0,0.0,-0.004560666666666726,0.0041105943879473986,7.50488423677644e-05
HID  62,R HID  62,0.0,0.0,0.0,-0.001318666666666655,0.0004723539162769904,8.623963169027142e-06,-0.04190733333333327,0.012735465423594274,0.00023251672309432231,0.05022299999999997,0.013044460037374197,0.00023815816709815097,0.0,0.0,0.0,0.00699700000000013,0.0030656686600695525,5.5971195965224364e-05
SER  63,R SER  63,0.0,0.0,0.0,-0.0018976666666666684,0.0005377681243392697,9.818257746928697e-06,-0.06378133333333351,0.019090316521443305,0.0003485398996236018,0.0811433333333333,0.019950759105578527,0.00036424936004923167,0.0,0.0,0.0,0.015464333333333172,0.004945846192063862,9.029838417814684e-05
GLU  64,R GLU  64,0.0,0.0,0.0,-0.0057339999999999995,0.001031137236259182,1.8825904139422927e-05,-0.576934333333333,0.0814048239022557,0.001486241944700039,0.5896586666666657,0.0813553204051457,0.0014853381386319543,0.0,0.0,0.0,0.006990333333333157,0.009320420585407552,0.0001701668200021074
HID  65,R HID  65,0.0,0.0,0.0,-0.005038666666666682,0.0008032257189332847,1.4664828167602147e-05,-0.06145266666666675,0.017377679924418403,0.00031727157639028765,0.060272000000000124,0.01404029971189965,0.0002563396288780241,0.0,0.0,0.0,-0.006219333333333297,0.009441110080682106,0.00017237029863596693
ARG  66,R ARG  66,0.0,0.0,0.0,-0.006760999999999988,0.0019132552539236744,3.4931102027975696e-05,0.5182976666666662,0.09952305123884211,0.0018170340051752098,-0.4878883333333321,0.09116084976873072,0.0016643617926557807,0.0,0.0,0.0,0.02364833333333311,0.014468056672852652,0.0002641493667661513
ALA  67,R ALA  67,0.0,0.0,0.0,-0.022874333333333354,0.006243119510486304,0.00011398324616979864,-0.20780433333333334,0.051933804481174066,0.0009481772070467305,0.2275006666666673,0.05390532440821892,0.0009841720716005106,0.0,0.0,0.0,-0.0031779999999998953,0.020172365156322355,0.00036829531447829934
LEU  68,R LEU  68,0.0,0.0,0.0,-0.09562666666666701,0.022762848874619025,0.0004155908600569975,-0.20344733333333362,0.05516335643240578,0.001007140488857545,0.1897766666666669,0.05840590828180061,0.0010663411152506664,-7.727999999999994e-07,3.0369846561350924e-05,5.544750009874201e-07,-0.1092981061333331,0.033517162563750647,0.0006119368666577972
MET  69,R MET  69,0.0,0.0,0.0,-0.0187259999999998,0.003415199945343864,6.235273494850815e-05,-0.04879399999999981,0.029654267214011733,0.0005414103693133367,0.04705533333333353,0.02519028129171102,0.00045990950977901657,0.0,0.0,0.0,-0.02046466666666653,0.018993193997382918,0.0003467666930479447
SER  70,R SER  70,0.0,0.0,0.0,-0.051746000000000056,0.01590725675071964,0.0002904254450131827,0.06823666666666683,0.07804244137362429,0.0014248535194369494,0.014953999999999993,0.07057389898066663,0.0012884972147600654,-7.920000000000011e-07,4.337239601405489e-05,7.918679889981673e-07,0.03144387466666692,0.0339382695061531,0.0006196251923736588
GLU  71,R GLU  71,0.0,0.0,0.0,-1.0747410000000004,0.5823518219990949,0.010632240977104582,-9.293310333333341,1.744023771634548,0.03184137201831601,7.767021000000008,1.1344153139652482,0.02071149523460239,-0.15550977360000012,0.030481424496810714,0.0005565121260597928,-2.756540106933336,1.065408449079774,0.01945160801725288
LEU  72,R LEU  72,0.0,0.0,0.0,-0.09712800000000033,0.019776137539970626,0.0003610612210322212,0.039992000000000125,0.04459376566292661,0.0008141670459228074,-0.07759500000000001,0.05174702221706411,0.0009447670450669002,0.0,0.0,0.0,-0.1347309999999999,0.0534193470476754,0.0009752993795069604
LYS  73,R LYS  73,0.0,0.0,0.0,-0.0382323333333334,0.007825366097221778,0.00014287098440615107,0.7063086666666664,0.11837775998143586,0.002161272314958825,-0.5989619999999999,0.12396301823259279,0.0022632447127471753,0.0,0.0,0.0,0.06911433333333344,0.033213781194290644,0.0006063979060051287
ILE  74,R ILE  74,0.0,0.0,0.0,-0.9601446666666632,0.38651107237899424,0.007056694435582903,0.21722866666666646,0.11792914417093404,0.0021530817483233146,-0.1559083333333334,0.08822575548305334,0.0016107745477001135,-0.18970835999999977,0.05056716566549626,0.0009232259101364345,-1.088532693333335,0.4206281760544267,0.007679584678242129
LEU  75,R LEU  75,0.0,0.0,0.0,-1.548869333333334,0.32516041209360574,0.0059365897503781155,0.2590226666666663,0.1331361814818031,0.0024307229939228374,-0.009653999999999994,0.08108513807926421,0.0014804053068144707,-0.16130074319999982,0.029912840087994438,0.000546131242507979,-1.4608014098666668,0.35870104687946336,0.006548955159220005
ILE  76,R ILE  76,0.0,0.0,0.0,-0.03695566666666688,0.005913969441545539,0.00010797381558435738,0.09487766666666683,0.02321775257331163,0.0004238962272992132,-0.044574666666666825,0.024525125039889167,0.00044776547366606945,0.0,0.0,0.0,0.013347333333333454,0.01585120477720504,0.00028940208067029506
HIE  77,R HIE  77,0.0,0.0,0.0,-0.04242766666666687,0.00995965701662746,0.0001818376271007155,0.0194633333333334,0.052597388929700964,0.0009602925460889907,0.06581466666666654,0.06928619139642646,0.001264986998381438,0.0,0.0,0.0,0.04285033333333299,0.022468673003885845,0.0004102199680478546
ILE  78,R ILE  78,0.0,0.0,0.0,-0.8227436666666665,0.24694671616880587,0.004508609564916023,-0.12036799999999988,0.0903680690804743,0.0016498876637853635,0.23220000000000002,0.11367836498941475,0.002075473493500266,-0.0920071176,0.033144524193879615,0.0006051334519587866,-0.8029187842666673,0.2633578011320332,0.0048082336124991385
GLY  79,R GLY  79,0.0,0.0,0.0,-0.03373633333333376,0.009905258530473499,0.0001808444511686936,0.07449866666666653,0.06863198961287864,0.0012530429625811294,-0.048519666666666704,0.06789715467692461,0.0012396267735656334,-3.6448800000000084e-05,0.0004516676047034596,8.246284519680375e-06,-0.007793782133333305,0.02000273673104827,0.0003651983373144095
HID  80,R HID  80,0.0,0.0,0.0,-0.025773333333333547,0.009955565724199925,0.00018176293066231848,-0.11919566666666666,0.07366385849172506,0.0013449118989595432,0.24460666666666692,0.09811953231758536,0.0017914093727399549,0.0,0.0,0.0,0.0996376666666667,0.03257878217320089,0.0005948044630769768
HID  81,R HID  81,0.0,0.0,0.0,-0.0503883333333333,0.009118417108003915,0.00016647875795982548,0.08176800000000009,0.037260920224814705,0.0006802882173510493,-0.15613966666666684,0.05174272406070491,0.0009446885718271128,0.0,0.0,0.0,-0.12476000000000022,0.042951543239639095,0.0007841843037336284
LEU  82,R LEU  82,0.0,0.0,0.0,-0.01589266666666665,0.0020356357456312348,3.7165453891535855e-05,0.13039666666666647,0.03260735073909385,0.0005953260513428151,-0.11949633333333386,0.045094338002555266,0.0008233062046587324,0.0,0.0,0.0,-0.004992333333333362,0.02651595006574129,0.0004841127994895699
ASN  83,R ASN  83,0.0,0.0,0.0,-0.05956966666666677,0.012268923338617324,0.00022399886896207674,-0.11635099999999993,0.09032461347274082,0.0016490942765651727,0.25781600000000005,0.0996915282793203,0.0018201099610249303,0.0,0.0,0.0,0.08189533333333314,0.046538432628909825,0.0008496716447262786
VAL  84,R VAL  84,0.0,0.0,0.0,-0.8174963333333335,0.21045208952765088,0.003842311890279704,-0.2202643333333339,0.26009125794847815,0.004748594966275877,0.5085326666666663,0.10110436983412874,0.0018459048006832387,-0.06510282959999986,0.022369191704601568,0.00040840369632559056,-0.5943308296000007,0.35705764628178077,0.006518950906607731
VAL  85,R VAL  85,0.0,0.0,0.0,-1.5913213333333318,0.3212163571149823,0.005864581487717029,0.31222833333333283,0.47387840866326025,0.008651796464650639,-0.03552433333333326,0.36475372340967577,0.006659461408182653,-0.09364464240000012,0.027500900879616538,0.0005020954587826547,-1.408261975733335,0.3673365288612871,0.006706616768432481
ASN  86,R ASN  86,0.0,0.0,0.0,-0.16195266666666688,0.06677835796790195,0.001219200433739158,0.050596333333333285,0.08148856803189558,0.0014877708963287855,0.22967633333333315,0.12549047336971658,0.00229113210055317,-4.7877599999999984e-05,0.0004521847407180389,8.255726088363155e-06,0.11827212239999975,0.05618077488640668,0.0010257159234468224
LEU  87,R LEU  87,0.0,0.0,0.0,-0.11843766666666704,0.024866177454970696,0.0004539922103671284,0.1311016666666665,0.06569469281371973,0.0011994155054148943,-0.044234000000000044,0.06019368109693935,0.0010989812318688665,-6.5592e-06,0.00014189062469155604,2.590556528068825e-06,-0.031576559199999965,0.02218299911782395,0.00040500430033164593
LEU  88,R LEU  88,0.0,0.0,0.0,-0.030378333333333372,0.0039618847226473245,7.233378776096793e-05,-0.01321633333333328,0.04610154227234583,0.0008416951546113928,0.06102899999999977,0.04306078059750747,0.0007861786959011875,0.0,0.0,0.0,0.0174343333333334,0.013165954373138415,0.00024037634004172328
GLY  89,R GLY  89,0.0,0.0,0.0,-0.013225333333333268,0.0024201704255876586,4.418606450337462e-05,-0.04074866666666662,0.04080786890893618,0.0007450463441712693,0.03560800000000014,0.04220479043900104,0.0007705505252739744,0.0,0.0,0.0,-0.018366000000000018,0.011099821800371197,0.00020265409281169697
ALA  90,R ALA  90,0.0,0.0,0.0,-0.009773999999999929,0.0018983125840247223,3.465828744887538e-05,0.05764600000000011,0.014353977985213187,0.0002620665844144606,-0.03273866666666713,0.015620959367321937,0.0002851983938451284,0.0,0.0,0.0,0.015133333333333486,0.007070140655523396,0.00012908251739215086
CYS  91,R CYS  91,0.0,0.0,0.0,-0.0051773333333333055,0.0010135184041524697,1.8504229746698175e-05,0.007159999999999873,0.020150278740834582,0.0003678920735457298,-0.016704666666666663,0.01939675518110055,0.00035413467850313246,0.0,0.0,0.0,-0.014722000000000046,0.006882687169025547,0.00012566010062422213
THR  92,R THR  92,0.0,0.0,0.0,-0.003250000000000006,0.0006624449662675431,1.2094535037682739e-05,-0.0008656666666666742,0.010057482515796589,0.00018362366818718665,0.017522333333333327,0.012674416537085766,0.00023140212801927955,0.0,0.0,0.0,0.013406666666666709,0.007412239127880908,0.00013532835239875977
LYS  93,R LYS  93,0.0,0.0,0.0,-0.001020333333333337,0.0003213303941773651,5.866663510098985e-06,0.055535999999999974,0.08628953608250116,0.001575424179634728,-0.05253533333333318,0.0865479332598738,0.0015801418450628168,0.0,0.0,0.0,0.0019803333333336445,0.0026778000713682526,4.888971678591119e-05
PRO  94,R PRO  94,0.0,0.0,0.0,-0.0004500000000000004,0.0004974937185533017,9.082951062292324e-06,0.008782333333333338,0.0055526229137427266,0.00010137656077256512,-0.00947533333333329,0.005598695522669119,0.0001022177276789684,0.0,0.0,0.0,-0.0011429999999997456,0.0009524797460661406,1.738982141624059e-05
GLY  95,R GLY  95,0.0,0.0,0.0,-0.0002370000000000022,0.0004252422838806183,7.763826376214337e-06,0.012143333333333303,0.005462977413665772,9.973986535353247e-05,-0.00978333333333324,0.00543099642995855,9.915597514727746e-05,0.0,0.0,0.0,0.002122999999999964,0.0009597939014880261,1.7523359013362768e-05
GLY  96,R GLY  96,0.0,0.0,0.0,-0.0005396666666666665,0.0004984240720064986,9.099936914717948e-06,-0.02175233333333312,0.006172546305123558,0.00011269476161871127,0.03219266666666688,0.007618150227507073,0.00013908775753562457,0.0,0.0,0.0,0.00990066666666682,0.0022635075043437552,4.1325803973709914e-05
PRO  97,R PRO  97,0.0,0.0,0.0,-0.0028779999999999943,0.000691218248215927,1.2619860890235608e-05,0.011309666666666635,0.01036470484652393,0.00018923275487747588,-0.009120333333333341,0.011270367631783589,0.00020576781944346497,0.0,0.0,0.0,-0.0006886666666666687,0.00506541260796078,9.248135828170638e-05
LEU  98,R LEU  98,0.0,0.0,0.0,-0.01080099999999996,0.0021956166180218243,4.0086291644125234e-05,0.039257666666666545,0.0274043903031773,0.0005003334247908681,0.01967466666666667,0.03630652133647001,0.0006628633573509078,0.0,0.0,0.0,0.048131333333333165,0.01852564218110159,0.0003382304038286182
MET  99,R MET  99,0.0,0.0,0.0,-0.024892333333333256,0.006316122852580763,0.00011531609874441203,0.025976333333333195,0.07331093442697069,0.0013384684165811305,0.03927366666666657,0.06415899084739078,0.0011713775517961141,0.0,0.0,0.0,0.04035766666666654,0.03141298682427726,0.0005735200494089742
VAL 100,R VAL 100,0.0,0.0,0.0,-0.34213766666666673,0.15307411728055703,0.002794738233491748,0.11803533333333371,0.1922830658644226,0.003510592420006528,0.004380999999999807,0.1843572650381139,0.003365887756711116,-0.008258673599999954,0.006504350158103707,0.0001187526434501898,-0.22798000693333353,0.1596896271599619,0.002915520366503359
ILE 101,R ILE 101,0.0,0.0,0.0,-0.12447099999999983,0.0415637641742582,0.0007588470404355434,-0.19783366666666638,0.09816633503000015,0.0017922638694513552,0.16867233333333323,0.06732426235186097,0.0012291672385836686,0.0,0.0,0.0,-0.15363233333333354,0.08268839391286337,0.0015096766196649378
VAL 102,R VAL 102,0.0,0.0,0.0,-1.1595076666666646,0.3172090014610252,0.005791417518129756,-0.22540733333333351,0.10804507738079476,0.001972624203628416,0.22817966666666614,0.07251099263713237,0.0013238635444816137,-0.15801390239999963,0.023871574691724313,0.0004358333313942279,-1.3147492357333297,0.35348050514472473,0.006453641543536222
GLU 103,R GLU 103,0.0,0.0,0.0,-0.15414566666666618,0.025924450130246465,0.00047331353757512433,1.9537930000000028,0.4056503915331406,0.0074061289967834575,-2.072099000000001,0.40439820787477454,0.007383267355589244,-0.002285865599999984,0.0036840839403054896,6.726186259492774e-05,-0.2747375322666664,0.08234892309056795,0.0015034787587654033
PHE 104,R PHE 104,0.0,0.0,0.0,-0.14560133333333325,0.0458290271722588,0.000836719732358778,-0.0743806666666666,0.14027674228546222,0.0025610912014362146,0.18144433333333324,0.12309941876882255,0.002247477615848631,-0.004157632799999994,0.007469638566520113,0.00013637631797645396,-0.042695299466666795,0.05512875205673004,0.001006508702286012
CYS 105,R CYS 105,0.0,0.0,0.0,-0.14267599999999986,0.05083351608273266,0.0009280887811938109,-0.011082333333333489,0.08391870006871077,0.0015321388341381073,0.09416366666666683,0.10207676954081611,0.001863658309158708,-0.022023007199999847,0.017515166989115268,0.0003197817352802758,-0.08161767386666707,0.04156558310648653,0.000758880249442611
LYS 106,R LYS 106,0.0,0.0,0.0,-0.015706333333333367,0.006184827663098071,0.00011291898751202584,-0.5088456666666666,0.1531165106965588,0.0027955122278328767,0.5244066666666658,0.1580490977161562,0.0028855685337492326,0.0,0.0,0.0,-0.0001453333333334695,0.01011389530409601,0.00018465362007663187
PHE 107,R PHE 107,0.0,0.0,0.0,-0.016294999999999896,0.008176998736293227,0.00014929088868530127,-0.036148666666666565,0.021120051252041555,0.00038559761621361285,0.060851000000000086,0.030153520507562554,0.0005505254456728879,0.0,0.0,0.0,0.00840733333333363,0.008997670785017542,0.0001642742417986441
GLY 108,R GLY 108,0.0,0.0,0.0,-0.08068266666666629,0.0700618771721756,0.0012791490182785612,0.08816566666666673,0.05229895685277934,0.0009548439467418877,-0.012840999999999983,0.0436925895967114,0.0007977138972644793,-0.027754951200000298,0.02731105726014722,0.0004986294043565956,-0.03311295120000042,0.051001198729780234,0.0009311502334701485
ASN 109,R ASN 109,0.0,0.0,0.0,-0.08822833333333313,0.07507561652908533,0.0013706869563862578,-0.032497333333333336,0.04805342158704418,0.0008773314322843266,0.12996233333333362,0.05264757906325909,0.0009612088883661236,-0.01337171999999994,0.02168808881279492,0.0003959685157314405,-0.004135053333333379,0.08087889325594937,0.0014766398087445306
LEU 110,R LEU 110,0.0,0.0,0.0,-0.011558000000000002,0.0034395691590665845,6.279765388399478e-05,-0.042329333333333344,0.013856365789371442,0.0002529814702627205,0.07042199999999983,0.015952008734534145,0.00029124250071412634,0.0,0.0,0.0,0.016534666666666663,0.010164257550630773,0.00018557310469242275
SER 111,R SER 111,0.0,0.0,0.0,-0.00438166666666669,0.001506208448020588,2.7499478109524118e-05,-0.02862433333333357,0.014192293961473552,0.0002591146515147806,0.049511000000000215,0.02095210122318594,0.00038253128223568407,0.0,0.0,0.0,0.016504999999999624,0.010402915056207503,0.0001899303746698324
THR 112,R THR 112,0.0,0.0,0.0,-0.006368333333333317,0.0030702872648808994,5.605551976653692e-05,-0.0188763333333333,0.011809305930305594,0.00021560744155026349,0.044271333333333815,0.020037224813386257,0.0003658280006697965,0.0,0.0,0.0,0.019026666666666702,0.010036663899036569,0.00018324357398666937
TYR 113,R TYR 113,0.0,0.0,0.0,-0.004364333333333318,0.0015384823329791346,2.8088715936528204e-05,-0.019687999999999966,0.009055715837708665,0.0001653339946223276,0.03081633333333357,0.009747406486968483,0.0001779624803361608,0.0,0.0,0.0,0.006764000000000003,0.00359039979203788,6.555143188536681e-05
LEU 114,R LEU 114,0.0,0.0,0.0,-0.0017349999999999974,0.0005586665672235206,1.0199809366409951e-05,-0.011137333333333449,0.005295766191549251,9.668702007949164e-05,0.021270000000000334,0.00701045172106018,0.0001279927515308525,0.0,0.0,0.0,0.008397666666666359,0.0033848970278120743,6.179948189882882e-05
ARG 115,R ARG 115,0.0,0.0,0.0,-0.0014523333333333476,0.0006468342566342971,1.1809523777523005e-05,-0.1610573333333336,0.07748130126825575,0.0014146085496492436,0.1709973333333333,0.08113425494957209,0.0014813020540751934,0.0,0.0,0.0,0.008487666666667271,0.008470567546248824,0.00015465069733172217
SER 116,R SER 116,0.0,0.0,0.0,-0.0007143333333333322,0.00048654690307190575,8.883090469892079e-06,-0.010012333333333333,0.006218374483916484,0.00011353146586185346,0.016664333333333333,0.006910932972874183,0.00012617579608831427,0.0,0.0,0.0,0.00593766666666643,0.002427711107653178,4.432373789224994e-05
LYS 117,R LYS 117,0.0,0.0,0.0,-0.0007073333333333326,0.0004708285840468283,8.596114540022161e-06,-0.23726899999999962,0.08202155390911921,0.0014975018425883542,0.24177433333333348,0.08317195886368149,0.0015185052673843365,0.0,0.0,0.0,0.003798000000000112,0.0022473382774593044,4.103059563030883e-05
ARG 118,R ARG 118,0.0,0.0,0.0,-0.00038899999999999254,0.0004875233327749474,8.900917555697879e-06,-0.12310266666666679,0.054604176820296356,0.000996931312615901,0.12439533333333327,0.05504417357803577,0.0010049645175973347,0.0,0.0,0.0,0.0009036666666667088,0.0016660491856154353,3.0417757362489513e-05
ASN 119,R ASN 119,0.0,0.0,0.0,-0.00012766666666666292,0.000333718277726711,6.092834285423115e-06,-0.006503999999999972,0.004832182115773371,8.822317155940385e-05,0.0066013333333333575,0.004909147742282296,8.962836521911904e-05,0.0,0.0,0.0,-3.0333333333350274e-05,0.0007038559669576902,1.2850593011244592e-05
GLU 120,R GLU 120,0.0,0.0,0.0,-0.00020100000000000082,0.0004007480505255169,7.316624904968188e-06,0.16350266666666682,0.051944470282109294,0.0009483719370389333,-0.16197833333333317,0.05139959659915328,0.000938423950134069,0.0,0.0,0.0,0.0013233333333333448,0.001039289287071843,1.8974739543423687e-05
PHE 121,R PHE 121,0.0,0.0,0.0,-0.00023033333333333713,0.0004210461837956687,7.68721642054513e-06,-0.0035289999999998448,0.002526491440714024,4.6127211780759895e-05,0.0031553333333333255,0.002519365969621912,4.599711907242654e-05,0.0,0.0,0.0,-0.0006039999999998617,0.0007548845386324691,1.3782243004029443e-05
VAL 122,R VAL 122,0.0,0.0,0.0,-8.033333333333041e-05,0.0002718085519053502,4.96252250671247e-06,0.002867000000000052,0.0016128580222699014,2.9446624028346485e-05,-0.002683999999999977,0.0015586780723849563,2.8457438004463688e-05,0.0,0.0,0.0,0.00010266666666676786,0.000661911037996874,1.2084786885751567e-05
PRO 123,R PRO 123,0.0,0.0,0.0,-7.066666666667132e-05,0.0002562672216435366,4.678777934778038e-06,0.0003029999999999973,0.0019505189907646607,3.561144166946718e-05,-0.0005636666666666716,0.0019146661733982528,3.495686177541069e-05,0.0,0.0,0.0,-0.00033133333333328676,0.0006399621516585524,1.1684056880431041e-05
TYR 124,R TYR 124,0.0,0.0,0.0,-6.866666666666517e-05,0.000252886447947597,4.617053734275163e-06,0.0022686666666667083,0.003082934460686449,5.6286424914266393e-05,-0.0022606666666666678,0.003071381809906196,5.607550333322226e-05,0.0,0.0,0.0,-6.066666666666709e-05,0.0006405619061071793,1.1695006848446944e-05
LYS 125,R LYS 125,0.0,0.0,0.0,-7.233333333333454e-05,0.0002590390360973118,4.729384111496422e-06,-0.10804233333333374,0.03567768501302791,0.0006513824293733128,0.10797600000000038,0.035578065677228446,0.0006495636374606111,0.0,0.0,0.0,-0.00013866666666685997,0.000635692448349702,1.1606103119893982e-05
VAL 126,R VAL 126,0.0,0.0,0.0,-3.8000000000000144e-05,0.0001911962342725405,3.490749680703759e-06,0.0028829999999999386,0.0014573872740857032,2.6608129501256795e-05,-0.0028900000000000084,0.0014587323263712225,2.6632686683850222e-05,0.0,0.0,0.0,-4.5000000000078235e-05,0.0006035795998319874,1.1019805402597361e-05
ALA 127,R ALA 127,0.0,0.0,0.0,-1.7333333333333424e-05,0.00013051011029375874,2.3827777130126282e-06,-0.0014256666666666764,0.0012243942266370468,2.2354277906940105e-05,0.0014063333333333376,0.0012411929297610777,2.2660978861535583e-05,0.0,0.0,0.0,-3.6666666666646344e-05,0.0005910348739474375,1.0790771091107796e-05
PRO 128,R PRO 128,0.0,0.0,0.0,-2.5333333333331728e-05,0.0001571354688017712,2.868888028229312e-06,0.0014430000000000595,0.001809258872208874,3.3032396555838566e-05,-0.001421333333333335,0.0018006882634765526,3.2875919364697123e-05,0.0,0.0,0.0,-3.6666666666190413e-06,0.0005958074819566102,1.0877906593266255e-05
GLU 129,R GLU 129,0.0,0.0,0.0,-7.466666666666521e-05,0.0002628527259808291,4.799012244047478e-06,0.12065699999999979,0.055798841245436166,0.0010187428010925014,-0.12029966666666626,0.055340923976345276,0.0010103824138340933,0.0,0.0,0.0,0.0002826666666665716,0.000884363927099877,1.614620239721523e-05
ASP 130,R ASP 130,0.0,0.0,0.0,-5.266666666666693e-05,0.00022336716161712165,4.078107767453322e-06,0.12728733333333303,0.0555377298739846,0.001013975581486997,-0.12706700000000043,0.05531207683981166,0.0010098557395874636,0.0,0.0,0.0,0.00016766666666628776,0.0006594603012227727,1.204004275862881e-05
LEU 131,R LEU 131,0.0,0.0,0.0,-4.633333333333415e-05,0.00021020598363404654,3.8378186319643015e-06,0.0030339999999998307,0.0024760541189562703,4.520635648519764e-05,-0.003010999999999998,0.002419547960535918,4.417469989837139e-05,0.0,0.0,0.0,-2.3333333333494187e-05,0.000615999639249422,1.1246563261065103e-05
TYR 132,R TYR 132,0.0,0.0,0.0,-0.00010100000000000147,0.00030132872415354373,5.501484648104923e-06,0.002822666666666502,0.002169612766268592,3.961152843788304e-05,-0.0027210000000000077,0.002134750336690481,3.897503046823749e-05,0.0,0.0,0.0,6.666666665130864e-07,0.0006772490104992675,1.2364818669950062e-05
LYS 133,R LYS 133,0.0,0.0,0.0,-0.0001830000000000087,0.00038666652298849824,7.059532562429679e-06,-0.15830733333333338,0.07169143751445625,0.0013089005835546594,0.1587546666666671,0.0725288205581469,0.0013241890362980496,0.0,0.0,0.0,0.0002643333333331002,0.001297867952536972,2.3695718475584792e-05
ASP 134,R ASP 134,0.0,0.0,0.0,-0.00016999999999999223,0.00037563279941984145,6.858085252702021e-06,0.18497833333333366,0.07536136408812001,0.001375903969180769,-0.1836716666666659,0.07424309079339125,0.0013554871855481502,0.0,0.0,0.0,0.0011366666666667296,0.0014567048049927683,2.6595669377356775e-05
PHE 135,R PHE 135,0.0,0.0,0.0,-0.00018933333333333736,0.0003917731770070906,7.15276688240826e-06,0.0050206666666666655,0.004090831971888095,7.46880316655483e-05,-0.004206333333333322,0.0036709344707974534,6.702178722596849e-05,0.0,0.0,0.0,0.0006249999999999224,0.0008848964157836154,1.615592426600522e-05
LEU 136,R LEU 136,0.0,0.0,0.0,-0.00042800000000001593,0.0004947888438516166,9.033567032647725e-06,-0.007198666666666563,0.0027533975779432222,5.026993210731972e-05,0.009297333333333383,0.0031020841739421027,5.663604924492897e-05,0.0,0.0,0.0,0.0016706666666666133,0.0011061372227512889,2.0195210286566584e-05
THR 137,R THR 137,0.0,0.0,0.0,-0.00016933333333334045,0.00037504607124401066,6.8473731108011415e-06,0.011958000000000094,0.004448322080665313,8.12148782209569e-05,-0.011423000000000148,0.004408484735899614,8.048755114231411e-05,0.0,0.0,0.0,0.00036566666666673105,0.0009674474433040336,1.7663092929943983e-05
LEU 138,R LEU 138,0.0,0.0,0.0,-0.00019499999999999317,0.00039620070671313743,7.233602145542462e-06,0.005025999999999856,0.0028270109067116724,5.1613921463970525e-05,-0.004186000000000044,0.002902654647042856,5.299498089441895e-05,0.0,0.0,0.0,0.0006449999999998308,0.0009665962618037367,1.7647552553002525e-05
GLU 139,R GLU 139,0.0,0.0,0.0,-0.0002683333333333326,0.0004430920395984976,8.089716837968982e-06,0.13262600000000024,0.05236029784738277,0.0009559638749566911,-0.13122166666666657,0.05171750700251893,0.0009442281734403669,0.0,0.0,0.0,0.0011359999999998986,0.0014998346575540614,2.738310914901318e-05
HID 140,R HID 140,0.0,0.0,0.0,-0.0006286666666666566,0.00048316134871166845,8.821278986800014e-06,0.014622666666666565,0.007381798757002893,0.00013477258980580268,-0.006910000000000042,0.0072535439614024415,0.0001324309883171833,0.0,0.0,0.0,0.0070840000000000555,0.0024428693511252503,4.460048828831026e-05
LEU 141,R LEU 141,0.0,0.0,0.0,-0.0006869999999999935,0.00046371435172958616,8.46622702270597e-06,0.0060033333333333536,0.0049177219206548144,8.978490758267575e-05,-0.004451666666666678,0.005368643269537968,9.801756739747442e-05,0.0,0.0,0.0,0.0008646666666666795,0.0026563794073052585,4.849863075577645e-05
ILE 142,R ILE 142,0.0,0.0,0.0,-0.0005543333333333218,0.0004970391220908847,9.074651304391395e-06,-0.0011593333333334926,0.003967024017516991,7.24276180186275e-05,0.00492933333333332,0.00492317711329675,8.988450531819324e-05,0.0,0.0,0.0,0.003215666666666504,0.00308930756355256,5.640278132096872e-05
CYS 143,R CYS 143,0.0,0.0,0.0,-0.0009046666666666774,0.0003080771909043626,5.624694230371493e-06,-0.0020373333333332487,0.007842487247182641,0.00014318357240761752,0.015524333333333485,0.009337776745861582,0.0001704836986885191,0.0,0.0,0.0,0.012582333333333121,0.0053137451847910565,9.70152700848173e-05
TYR 144,R TYR 144,0.0,0.0,0.0,-0.003222666666666666,0.0005289167126205874,9.65665381812577e-06,-0.003533999999999788,0.009633838487331969,0.00017588902182910556,0.0014623333333333422,0.01157948967883389,0.00021141159004985243,0.0,0.0,0.0,-0.005294333333333073,0.007548622471830375,0.0001378183601970634
SER 145,R SER 145,0.0,0.0,0.0,-0.0015519999999999993,0.0004999626652727522,9.128027656009705e-06,-0.01090366666666668,0.008226606421983546,0.00015019659696790838,0.020254000000000116,0.010776710258700872,0.00019675491014626006,0.0,0.0,0.0,0.007798333333333321,0.006117542852776453,0.00011169054056567229
PHE 146,R PHE 146,0.0,0.0,0.0,-0.002265000000000028,0.0005472126338695939,9.990690110739734e-06,-0.027221999999999896,0.0068875285359362975,0.00012574849148642804,0.03836233333333386,0.009284308332998183,0.00016950750349387634,0.0,0.0,0.0,0.008875333333333462,0.0061104657396596485,0.00011156133074913596
GLN 147,R GLN 147,0.0,0.0,0.0,-0.006780666666666678,0.0012603807184953673,2.301129835214938e-05,-0.018412999999999936,0.02816941185636204,0.0005143007435127654,0.060043999999999965,0.037477087186706136,0.0006842348680582258,0.0,0.0,0.0,0.03485033333333333,0.01707530184864142,0.0003117509332903523
VAL 148,R VAL 148,0.0,0.0,0.0,-0.016836666666666507,0.003853827822943809,7.036094771224498e-05,-0.07819866666666657,0.01903881644313979,0.0003475996411369312,0.09959500000000013,0.023747595843225954,0.00043356979766169236,0.0,0.0,0.0,0.004559666666666682,0.017118618710502177,0.000312541787369068
ALA 149,R ALA 149,0.0,0.0,0.0,-0.004670666666666661,0.0011109483436335364,2.0283048934369623e-05,-0.04663033333333351,0.01316519451263558,0.00024036246695045794,0.057040000000000236,0.015370786143415157,0.00028063087657787726,0.0,0.0,0.0,0.0057390000000000305,0.00972153343528329,0.00017749010520151155
LYS 150,R LYS 150,0.0,0.0,0.0,-0.009091333333333286,0.002179676938345329,3.979527424018446e-05,-0.05866233333333328,0.09420084030705665,0.0017198641724038934,0.15761766666666666,0.09518155364646773,0.0017377694663519491,0.0,0.0,0.0,0.08986400000000007,0.022948380567409072,0.0004189781898327717
GLY 151,R GLY 151,0.0,0.0,0.0,-0.04803033333333339,0.020055092783518726,0.0003661542236797426,-0.1670930000000003,0.07348426827786601,0.0013416330452516174,0.2587973333333332,0.07723372056873037,0.0014100883651848117,-0.0002054088,0.0008567904551770878,1.564278197852033e-05,0.043468591199999955,0.029557574512801398,0.0005396450101933699
MET 152,R MET 152,0.0,0.0,0.0,-0.08725200000000001,0.034770185926067,0.0006348138386785184,-0.12275399999999968,0.052751513254756424,0.0009631064584054286,0.04630066666666679,0.04280951918544384,0.0007815913111272591,-9.81696e-05,0.0005608742016850487,1.024011507285344e-05,-0.1638035029333333,0.05992683895253575,0.0010941093831427697
GLU 153,R GLU 153,0.0,0.0,0.0,-0.009789999999999997,0.002533094286967151,4.624776270864577e-05,-0.24498433333333397,0.09776377356271498,0.0017849141362375398,0.23720133333333357,0.09679735945893296,0.001767269909419788,0.0,0.0,0.0,-0.01757300000000011,0.01175380807795178,0.00021459419402935432
PHE 154,R PHE 154,0.0,0.0,0.0,-0.10468666666666648,0.05016567706665109,0.0009158957647308132,0.09397533333333323,0.03772372451860421,0.0006887378290650079,-0.03082933333333341,0.04060333573598215,0.0007413120964184349,-0.0001418591999999999,0.0007742690521616882,1.4136154181570024e-05,-0.0416825258666671,0.05988132845642096,0.001093278478965259
LEU 155,R LEU 155,0.0,0.0,0.0,-0.7279536666666673,0.2773075468137983,0.005062919958544573,0.15452033333333362,0.07139135045570123,0.0013034217685114762,-0.05695366666666681,0.06220222010953901,0.0011356519693631994,-0.08980703759999996,0.02389732144489296,0.0004363034006439941,-0.7201940376000006,0.29695316823297907,0.005421598292127638
ALA 156,R ALA 156,0.0,0.0,0.0,-0.012038999999999979,0.0037862222597199935,6.912664464589414e-05,0.0020326666666666523,0.01545698114840736,0.00028220457486382726,-0.009431,0.016252607144701434,0.0002967306517140868,0.0,0.0,0.0,-0.01943733333333329,0.009393405819450371,0.00017149934197044226
SER 157,R SER 157,0.0,0.0,0.0,-0.006250333333333297,0.0015166849449448376,2.769075189915895e-05,0.031446666666666685,0.018613986378229006,0.00033984334081499715,0.012175666666666696,0.01920932433018448,0.0003507126750024952,0.0,0.0,0.0,0.03737200000000039,0.011798316942117328,0.00021540681099310112
ARG 158,R ARG 158,0.0,0.0,0.0,-0.03678800000000004,0.0100551341446377,0.0001835807929919494,0.19038599999999933,0.21856165340089612,0.003990371592443216,-0.0881080000000001,0.22281127515455765,0.004067958715621386,0.0,0.0,0.0,0.06549000000000003,0.02084555668082104,0.00038058605392794005
LYS 159,R LYS 159,0.0,0.0,0.0,-0.012245666666666646,0.003037539775688102,5.545763514878519e-05,0.2975589999999995,0.12447866960112727,0.0022726591756256666,-0.25347566666666677,0.12521235858022245,0.0022860544424271123,0.0,0.0,0.0,0.03183766666666645,0.010298316102914786,0.00018802066779617074
CYS 160,R CYS 160,0.0,0.0,0.0,-0.14269866666666647,0.08020435897270392,0.0014643245539863936,0.09648766666666661,0.09734568907364237,0.00177728099271727,0.0019376666666666615,0.09117162450321692,0.0016645585114934212,-0.012249585599999866,0.0180915774226427,0.000330305501841086,-0.05652291893333339,0.08509314097857894,0.0015535810934311635
ILE 161,R ILE 161,0.0,0.0,0.0,-0.2061293333333338,0.11478044232165725,0.0020955945806664105,-0.2441056666666661,0.15684992349766236,0.0028636747080876424,0.49227133333333367,0.22912614948587248,0.004183252019590435,-0.037387449600000046,0.02247730434731211,0.0004103775540977259,0.004648883733333333,0.06354028398175045,0.0011600815615696299
HIE 162,R HIE 162,0.0,0.0,0.0,-1.1952129999999996,0.5760366698087339,0.010516942600146621,-0.7981346666666679,0.3259127836270832,0.005950326112395128,1.307265333333333,0.5204123700793017,0.009501386476572005,-0.11390893680000008,0.04762343991749754,0.000869481076960179,-0.7999912701333339,0.42312007795739387,0.0077250803743536345
ARG 163,R ARG 163,0.0,0.0,0.0,-0.09620500000000014,0.06102574572806648,0.0011141725841278846,0.8193653333333345,0.3630163695090821,0.006627741810791828,-0.6995050000000003,0.3034862610426808,0.0055408757021992525,-0.0045485088,0.012490090384313585,0.00022803680829223066,0.019106824533333365,0.044677317677964484,0.0008156924900348492
ASP 164,R ASP 164,0.0,0.0,0.0,-0.0730973333333331,0.02842557286826239,0.0005189775823318045,0.05663933333333315,0.3212511830113968,0.005865217318685415,-0.10523600000000002,0.31857580830523374,0.005816371882807272,-1.4368800000000016e-05,0.00026594110563536423,4.855398084145108e-06,-0.12170836880000009,0.06201619678528022,0.0011322556636659113
LEU 165,R LEU 165,0.0,0.0,0.0,-0.05610166666666661,0.020778931570757532,0.0003793696514053385,-0.02727466666666676,0.020912433898414677,0.00038180705928324727,0.0790163333333334,0.0324978060780855,0.0005933260486131974,0.0,0.0,0.0,-0.004360000000000115,0.02338377785274776,0.00042692742032132214
ALA 166,R ALA 166,0.0,0.0,0.0,-0.01317466666666662,0.002376725665466984,4.339287533259148e-05,0.07129433333333353,0.018517317153290285,0.00033807841031114786,-0.0796186666666666,0.023351714816880143,0.0004263420320544291,0.0,0.0,0.0,-0.02149900000000011,0.01546443227754124,0.0002823406132473443
ALA 167,R ALA 167,0.0,0.0,0.0,-0.008949333333333259,0.0012256017116325636,2.2376323465936562e-05,0.05501466666666687,0.017869203998934637,0.00032624553716260066,-0.032893333333333725,0.02240077280412893,0.00040898028567898896,0.0,0.0,0.0,0.013172000000000189,0.010838653790946538,0.00019788583914301004
ARG 168,R ARG 168,0.0,0.0,0.0,-0.059308666666667016,0.021711165903489385,0.00039638984383593887,-0.17443233333333322,0.1665863762573503,0.0030414372016397927,0.40320800000000107,0.16566731543266286,0.0030246575234597725,-2.7924000000000023e-05,0.000365233335586993,6.66821788846168e-06,0.16943907600000058,0.04124473051682458,0.000753022309409551
ASN 169,R ASN 169,0.0,0.0,0.0,-0.17342133333333354,0.030455658667787083,0.0005560417085341573,0.28532133333333454,0.17970697095982194,0.0032809853911873427,-0.30603500000000006,0.2639036751828204,0.0048181998635382335,0.0,0.0,0.0,-0.19413500000000042,0.13846497791258697,0.002528013060905949
ILE 170,R ILE 170,0.0,0.0,0.0,-0.06519866666666656,0.009384874260686947,0.00017134357773092865,-0.04912066666666664,0.03333373825754068,0.0006085880123209327,0.11177200000000058,0.033815884078341345,0.0006173907503895783,0.0,0.0,0.0,-0.0025473333333334495,0.018491811509121648,0.00033761274308931913
LEU 171,R LEU 171,0.0,0.0,0.0,-0.6953516666666674,0.305094472795812,0.0055702374973470815,-0.09137933333333324,0.057611122533375234,0.0010518303791574595,0.14078233333333365,0.06465085940049206,0.0011803578018581473,-0.15672030000000048,0.03361187556763946,0.0006136660816150964,-0.802668966666666,0.32194210936077594,0.005877831850256403
LEU 172,R LEU 172,0.0,0.0,0.0,-0.019163999999999758,0.005996368678904736,0.00010947821295178588,0.05199166666666641,0.03492873120926298,0.0006377084662782677,-0.03699533333333374,0.036925844312922465,0.0006741705961703828,0.0,0.0,0.0,-0.004167666666666807,0.01280099818590548,0.00023371318216677136
SER 173,R SER 173,0.0,0.0,0.0,-0.010051666666666568,0.0022751550618710916,4.1538458306961956e-05,-0.05476166666666664,0.04216544632621479,0.0007698322033380391,0.07707633333333345,0.054240426250987656,0.0009902901662120435,0.0,0.0,0.0,0.01226299999999999,0.024208948022029577,0.0004419928975045224
GLU 174,R GLU 174,0.0,0.0,0.0,-0.003414000000000004,0.0008409938564976673,1.53543768642345e-05,0.5287896666666676,0.17291664492819026,0.0031570115665093693,-0.5216610000000007,0.16900152488167883,0.0030855315810155363,0.0,0.0,0.0,0.003714666666666915,0.007243198065924973,0.00013224209897282996
LYS 175,R LYS 175,0.0,0.0,0.0,-0.0013983333333333298,0.0004936232256376605,9.012285853006968e-06,-0.31895433333333356,0.0837146397863314,0.0015284132201464388,0.3281136666666664,0.08433646154869907,0.0015397660803463185,0.0,0.0,0.0,0.007760999999999773,0.0034800209290556283,6.353619878112844e-05
ASN 176,R ASN 176,0.0,0.0,0.0,-0.0018073333333333335,0.0005178927387874834,9.455384513401178e-06,-0.010725333333333396,0.01327312666840609,0.00024233302949698028,0.03624066666666681,0.01690443964038871,0.0003086314304341805,0.0,0.0,0.0,0.023708000000000014,0.006755891453637811,0.0001233451381737932
VAL 177,R VAL 177,0.0,0.0,0.0,-0.006813999999999967,0.0009230767393166004,1.6852998414400597e-05,0.05241199999999995,0.021735169411194206,0.0003968280859235782,-0.0025276666666666624,0.02854291332751833,0.0005211199162132211,0.0,0.0,0.0,0.04307033333333314,0.014647595475785029,0.0002674272818432692
VAL 178,R VAL 178,0.0,0.0,0.0,-0.014619333333333233,0.001501030608912529,2.740494413357024e-05,-0.06130566666666643,0.026993571479562318,0.0004928329335661461,0.14446500000000037,0.04255046543027688,0.000776861658283547,0.0,0.0,0.0,0.06854000000000007,0.02486006972368899,0.0004538806989605227
LYS 179,R LYS 179,0.0,0.0,0.0,-0.10739366666666693,0.01589360541922654,0.00029017620693989096,-1.2402069999999985,0.3590407945498746,0.0065551580746514735,1.9287349999999963,0.35014810405742247,0.006392800501997215,0.0,0.0,0.0,0.5811343333333331,0.11284146233198934,0.002060193811370002
ILE 180,R ILE 180,0.0,0.0,0.0,-1.0789016666666686,0.2504163253408643,0.004571955671891463,0.3274379999999998,0.4148708250640608,0.007574470311278858,-0.44317300000000015,0.2845321289491471,0.005194822178680551,-0.03712129680000002,0.01243697785488035,0.00022706711061033934,-1.231757963466667,0.30678663720495997,0.005601132051277007
CYS 181,R CYS 181,0.0,0.0,0.0,-2.178614000000001,0.34563084594788773,0.006310327029841705,-3.357310333333331,0.43484515791244777,0.007939150067018123,2.2235083333333368,0.2635479044320655,0.004811704408021934,-0.13017022800000025,0.023909379471431798,0.0004365235490818047,-3.442586227999999,0.4776857236314297,0.008721308207703754
ASP 182,R ASP 182,0.0,0.0,0.0,-2.499324000000005,0.6280526589047306,0.011466620286107293,-2.1504066666666684,0.9558890458392872,0.01745206642927558,2.1683346666666643,1.1191135006475268,0.02043212362377409,-0.3124770287999996,0.037515046060693766,0.0006849278991095765,-2.7938730288000024,0.8620567277154477,0.015738930520627987
PHE 183,R PHE 183,0.0,0.0,0.0,-1.3947983333333323,0.36816009968114166,0.006721653045623726,-0.16307266666666695,0.1418346480456096,0.00258953453901288,0.15591066666666648,0.2326806481415151,0.004248147989401011,-0.10794753599999976,0.035808914096408795,0.0006537783336789273,-1.5099078693333337,0.3419540221384232,0.006243197718494511
GLY 184,R GLY 184,0.0,0.0,0.0,-0.11250033333333374,0.026050054380404274,0.0004756067469461228,0.19594899999999996,0.04392406780266692,0.0008019400917635683,-0.07137633333333329,0.045343239553677736,0.0008278505044636592,-0.0013054823999999958,0.0046145610232231505,8.424997218011468e-05,0.010766850933333278,0.04094049110981855,0.0007474676832062444
LEU 185,R LEU 185,0.0,0.0,0.0,-0.0585813333333334,0.010688843945388738,0.00019515069808473097,0.15734133333333342,0.03231982092909504,0.000590076499246431,-0.03581533333333349,0.042046996304399856,0.0007676696117085385,-6.686399999999991e-06,0.00034924460089604784,6.376304866588478e-06,0.06293798026666679,0.02997524586585612,0.0005472706109164291
ALA 186,R ALA 186,0.0,0.0,0.0,-0.0889103333333333,0.018307419986319063,0.0003342462298742623,0.05595933333333312,0.03278297850341814,0.0005985325609509689,0.09091166666666652,0.04056565703345045,0.0007406241805746303,-4.7124e-05,0.001422986112308901,2.5980053090938823e-05,0.05791354266666634,0.03238624089038541,0.0005912891562820094
ARG 187,R ARG 187,0.0,0.0,0.0,-0.05573666666666662,0.013001614856966373,0.00023737592470515954,-0.010860999999999782,0.28565041048864864,0.0052152391128414384,0.26818699999999973,0.3017354669756268,0.00550891072206353,-4.4616000000000286e-06,0.00013732415623421928,2.5071846019948527e-06,0.2015848717333325,0.06298369301932011,0.0011499196473887428
ASP 188,R ASP 188,0.0,0.0,0.0,-0.005521999999999935,0.0012177230117452972,2.223247874420092e-05,0.009728333333333049,0.09394623567350768,0.00171521574903589,-0.023863999999999965,0.09273542025928752,0.0016931093851911118,0.0,0.0,0.0,-0.019657666666667087,0.012996094588589222,0.0002372751388547046
ILE 189,R ILE 189,0.0,0.0,0.0,-0.006580999999999927,0.002879485891613307,5.2571979228482794e-05,0.021252333333333265,0.00791319538632906,0.00014447452050127445,-0.007764666666666686,0.010561121384061727,0.00019281881382002627,0.0,0.0,0.0,0.006906666666666678,0.00821376622235863,0.00014996216806866054
TYR 190,R TYR 190,0.0,0.0,0.0,-0.001982000000000004,0.0005468174588774357,9.98347523549417e-06,0.0031216666666667265,0.00696176681757035,0.00012710389086914112,-0.004852666666666659,0.00790157956079388,0.0001442624455122857,0.0,0.0,0.0,-0.0037130000000001355,0.003392535580751563,6.193894215721733e-05
LYS 191,R LYS 191,0.0,0.0,0.0,-0.0013516666666666699,0.000485108807955064,8.856834565381003e-06,-0.0035363333333332473,0.07524612069661074,0.0013737999223430014,0.01963499999999993,0.07548121471598107,0.0013780921322611244,0.0,0.0,0.0,0.014747000000000196,0.005057040405876344,9.232850348378516e-05
ASP 192,R ASP 192,0.0,0.0,0.0,-0.002924666666666664,0.0007021335738703373,1.2819146559683454e-05,0.043036000000000005,0.11068728037734683,0.0020208640097190596,-0.020257333333333235,0.113985138415302,0.0020810743843469857,0.0,0.0,0.0,0.019854000000000094,0.009529743823069349,0.00017398852197135343
PRO 193,R PRO 193,0.0,0.0,0.0,-0.0010440000000000054,0.00041800797440552233,7.63174655996489e-06,-0.008212666666666734,0.0029113753145586247,5.3154197771581914e-05,0.006544666666666666,0.003235017499523308,5.906306861376245e-05,0.0,0.0,0.0,-0.0027120000000000312,0.0018144942362357706,3.312798078831464e-05
ASP 194,R ASP 194,0.0,0.0,0.0,-0.002518333333333334,0.0006112805320709141,1.1160404545966658e-05,0.08922433333333313,0.10598963789551459,0.0019350971845725907,-0.0628946666666666,0.10448589811495584,0.001907642777958261,0.0,0.0,0.0,0.0238113333333332,0.005265523546830767,9.613486745579403e-05
TYR 195,R TYR 195,0.0,0.0,0.0,-0.0074130000000000515,0.0020152165309626894,3.679265174218576e-05,0.013513999999999854,0.02814002731578873,0.0005137642576556346,-0.032972666666666775,0.038686042955509516,0.0007063072795782129,0.0,0.0,0.0,-0.026871666666666773,0.014432435595637512,0.0002634990178490391
VAL 196,R VAL 196,0.0,0.0,0.0,-0.0005746666666666719,0.0004943934555481865,9.026348262888979e-06,-0.010013666666666757,0.004692136672727782,8.566630328500805e-05,0.010539666666666711,0.004709185338840707,8.597756791852214e-05,0.0,0.0,0.0,-4.86666666667563e-05,0.001461151904796043,2.6676861939947788e-05
ARG 197,R ARG 197,0.0,0.0,0.0,-0.00043666666666667184,0.000495972669497918,9.055180633002136e-06,0.12885666666666643,0.059714672587416286,0.0010902357730054428,-0.12751966666666667,0.05916662020561576,0.0010802297512652232,0.0,0.0,0.0,0.0009003333333332175,0.001459588945179498,2.664832633199941e-05
LYS 198,R LYS 198,0.0,0.0,0.0,-0.0003723333333333213,0.00048342654273654425,8.826120745118016e-06,0.1307079999999997,0.055865338711345795,0.001019956873162356,-0.1288806666666664,0.054819714454645944,0.00100086647342672,0.0,0.0,0.0,0.001454999999999945,0.0016180157601211923,2.9540791007241494e-05
GLY 199,R GLY 199,0.0,0.0,0.0,-0.0001093333333333347,0.00031205697485484546,5.697354811827375e-06,0.002330333333333101,0.0029333507385847723,5.355541228657731e-05,-0.0022023333333333244,0.0028729882043305303,5.2453348231936424e-05,0.0,0.0,0.0,1.8666666666463364e-05,0.0007245584095769534,1.3228566171845486e-05
ASP 200,R ASP 200,0.0,0.0,0.0,-0.00032199999999999937,0.0004679558383722422,8.543665619757289e-06,-0.19978833333333293,0.06682085151524372,0.0012199762562200749,0.20175133333333323,0.06799907963756072,0.001241487660236074,0.0,0.0,0.0,0.0016409999999998633,0.0017963256015172296,3.279626841916743e-05
ALA 201,R ALA 201,0.0,0.0,0.0,-0.0004830000000000143,0.0005063375027258717,9.244415731793115e-06,0.015061333333333262,0.0062848684596859775,0.00011474547421075858,-0.011214666666666739,0.005653664141264094,0.00010322131275761395,0.0,0.0,0.0,0.0033636666666665956,0.0014753801393389617,2.6936632773702147e-05
ARG 202,R ARG 202,0.0,0.0,0.0,-0.0015876666666666459,0.0005963622128278141,1.0888034546983016e-05,0.0844626666666667,0.08088015788532797,0.0014766628976124487,-0.06384399999999983,0.08146410455327356,0.0014873242563595748,0.0,0.0,0.0,0.019031000000000176,0.005807010619357096,0.00010602102359646423
LEU 203,R LEU 203,0.0,0.0,0.0,-0.0017623333333333315,0.0008110782261217997,1.480819467827285e-05,0.01483199999999997,0.00618808877333427,0.00011297852696665509,0.0028253333333333325,0.0064001165267169435,0.00011684960641148283,0.0,0.0,0.0,0.01589500000000012,0.004527395314453313,8.265855134897581e-05
PRO 204,R PRO 204,0.0,0.0,0.0,-0.0034466666666666647,0.001163538663827804,2.1243212423596948e-05,0.0025266666666667087,0.005392088855186166,9.844562326858901e-05,-0.013777666666666789,0.0065731449516613525,0.00012000865879253758,0.0,0.0,0.0,-0.014697666666666559,0.0039008880897674443,7.122014670229555e-05
LEU 205,R LEU 205,0.0,0.0,0.0,-0.000862000000000006,0.0004110425768700596,7.5045763815594296e-06,-0.0013299999999999439,0.0027375962692357376,4.998144100007998e-05,0.002822999999999999,0.0038677733904664076,7.06155577758896e-05,0.0,0.0,0.0,0.0006310000000001544,0.0025585488725708336,4.671249773288188e-05
LYS 206,R LYS 206,0.0,0.0,0.0,-0.0010486666666666737,0.00035818741214928735,6.539577514952155e-06,-0.02006933333333328,0.0733872640600687,0.001339861998642926,0.032225666666666625,0.07202800433087779,0.0013150454248033853,0.0,0.0,0.0,0.011107666666666731,0.003628508585570265,6.624720008059995e-05
TRP 207,R TRP 207,0.0,0.0,0.0,-0.005130999999999996,0.0009043445139989127,1.651099633577503e-05,-0.011437666666666582,0.005315020967869268,9.703856259049797e-05,-0.010229666666666661,0.01315414712383726,0.00024016077014891229,0.0,0.0,0.0,-0.026798333333333303,0.011393755477843145,0.00020802056299709144
MET 208,R MET 208,0.0,0.0,0.0,-0.0024480000000000005,0.000988245583513287,1.804281328150276e-05,0.024606999999999928,0.009681798266162637,0.0001767646435863894,-0.017332333333333495,0.00904333389236963,0.00016510793226339474,0.0,0.0,0.0,0.004826666666666704,0.0038846650077223916,7.092395510268447e-05
ALA 209,R ALA 209,0.0,0.0,0.0,-0.0007686666666666548,0.00044326616032453446,8.0928958329483e-06,-0.0038940000000001855,0.0028312713281019725,5.1691705760635355e-05,0.004825666666666679,0.003216717978865256,5.872896660523089e-05,0.0,0.0,0.0,0.000162999999999756,0.001638626762464945,2.9917094704457e-05
PRO 210,R PRO 210,0.0,0.0,0.0,-0.00039099999999999557,0.0004879743845736137,8.909152597188971e-06,-0.005485000000000047,0.0018489028278053296,3.3756192847468964e-05,0.001785333333333328,0.002017734262869029,3.6838619027480854e-05,0.0,0.0,0.0,-0.00409066666666677,0.0014384411315340251,2.6262221846148043e-05
GLU 211,R GLU 211,0.0,0.0,0.0,-0.0006909999999999996,0.0004628019734904414,8.449569351287421e-06,-0.21081433333333302,0.07024109334681135,0.0012824210429958206,0.20645900000000045,0.06929035757111655,0.001265063061976647,0.0,0.0,0.0,-0.005046333333333259,0.002519031537890773,4.599101321232353e-05
THR 212,R THR 212,0.0,0.0,0.0,-0.0012993333333333231,0.0005624940493512134,1.0269689309736124e-05,-0.002088333333333407,0.003974317202013659,7.25607727407899e-05,0.008534666666666713,0.005152681976946976,9.407467168080576e-05,0.0,0.0,0.0,0.005146999999999983,0.003334575085374462,6.0880733131810265e-05
ILE 213,R ILE 213,0.0,0.0,0.0,-0.0005550000000000024,0.0004969657935914712,9.073312515283503e-06,-0.007072666666666679,0.002979046752831445,5.4389703546276654e-05,0.0063903333333333555,0.0030695232890828083,5.60415715406035e-05,0.0,0.0,0.0,-0.0012373333333332381,0.0012478005538633966,2.278161702061408e-05
PHE 214,R PHE 214,0.0,0.0,0.0,-0.00026933333333332645,0.0004436134453427681,8.099236360893973e-06,-0.002004333333333224,0.002488704058117049,4.543731171951185e-05,0.0019300000000000038,0.0025198743354910968,4.6006400520893814e-05,0.0,0.0,0.0,-0.0003436666666665533,0.0008026372502915998,1.4654084249287638e-05
ASP 215,R ASP 215,0.0,0.0,0.0,-0.00024600000000000457,0.00043067853440821574,7.863078277621487e-06,-0.17472099999999985,0.043768662598561596,0.0007991027939021622,0.17555933333333307,0.04405064297172301,0.0008042510276073032,0.0,0.0,0.0,0.0005923333333334877,0.0009630548040250526,1.7582894675941278e-05
ARG 216,R ARG 216,0.0,0.0,0.0,-0.0009493333333333332,0.0005854624003488179,1.0689032108072266e-05,0.24674566666666586,0.08323501054978305,0.0015196564284098884,-0.23811666666666698,0.0792462515762646,0.001446831986201648,0.0,0.0,0.0,0.007679666666666217,0.0053253844827289044,9.722777361928672e-05
VAL 217,R VAL 217,0.0,0.0,0.0,-0.0009173333333333411,0.000492442438824609,8.990727733903204e-06,0.0037653333333333735,0.007154271327131908,0.0001306185262794189,0.002405666666666668,0.007918276404762737,0.0001445672867816486,0.0,0.0,0.0,0.005253666666666771,0.002111552325238927,3.855149466286151e-05
TYR 218,R TYR 218,0.0,0.0,0.0,-0.009202666666666647,0.003074235876152267,5.612761121534182e-05,0.008943666666666643,0.018078140388017843,0.000330060176275419,-0.00030933333333333236,0.021549067564256365,0.00039343034660487057,0.0,0.0,0.0,-0.000568333333333422,0.0080249608860247,0.0001465150700124124
THR 219,R THR 219,0.0,0.0,0.0,-0.0031283333333333267,0.0010569755069167398,1.929764426229187e-05,-7.166666666667017e-05,0.014947302896806774,0.0002728991656814461,0.01786399999999994,0.01565039415904061,0.0002857357971584545,0.0,0.0,0.0,0.014663999999999943,0.005739550272742128,0.0001047893718105264
ILE 220,R ILE 220,0.0,0.0,0.0,-0.010984666666666603,0.003922299268994645,7.1611059563813e-05,0.006776666666666692,0.01248586356200046,0.00022795963742798183,0.006886999999999997,0.013431389764279836,0.0002452225050846687,0.0,0.0,0.0,0.0026790000000001713,0.005983306694462444,0.00010923973483429171
GLN 221,R GLN 221,0.0,0.0,0.0,-0.001985999999999986,0.0006365039931792667,1.1620919833546624e-05,-0.0061516666666667184,0.00681366254097013,0.0001243998890972436,0.018103000000000147,0.007943071886870568,0.0001450199882774711,0.0,0.0,0.0,0.009965333333333099,0.004082825601086641,7.454185600249141e-05
SER 222,R SER 222,0.0,0.0,0.0,-0.00245266666666666,0.0008106126626749455,1.4799694691546453e-05,0.02133666666666672,0.005664390719417579,0.00010341715238493081,-0.0022376666666666678,0.008396656947195663,0.00015330128058705096,0.0,0.0,0.0,0.016646333333333273,0.006644640940052565,0.00012131399097963739
ASP 223,R ASP 223,0.0,0.0,0.0,-0.020049333333333242,0.007421066829566503,0.00013548952344356397,-0.546383666666666,0.25684057402707244,0.004689245869240102,0.5292163333333328,0.25460193413750165,0.004648374083718475,0.0,0.0,0.0,-0.037216666666666336,0.033836357007745045,0.0006177645332313322
VAL 224,R VAL 224,0.0,0.0,0.0,-0.0026516666666666637,0.0007125053606036998,1.3008508611533301e-05,0.018016666666666615,0.005410334760642865,9.877874640194701e-05,-0.008022000000000053,0.00784207770088147,0.00014317609514936773,0.0,0.0,0.0,0.007342999999999916,0.005073659198908175,9.263191974451993e-05
TRP 225,R TRP 225,0.0,0.0,0.0,-0.0018129999999999887,0.0005266539027988441,9.615340752035335e-06,0.015800999999999836,0.00531783781249463,9.70899909019079e-05,-0.006328333333333309,0.007408949355715391,0.00013526828965128955,0.0,0.0,0.0,0.0076596666666666645,0.004523476526841746,8.258700440321157e-05
SER 226,R SER 226,0.0,0.0,0.0,-0.003766000000000007,0.0009732646094458381,1.7769299367164703e-05,0.01056033333333336,0.0053983664092843294,9.856023520143976e-05,0.017360333333333474,0.008930089205725612,0.00016304037661697698,0.0,0.0,0.0,0.024154666666666956,0.007251993626275439,0.0001324026831998249
PHE 227,R PHE 227,0.0,0.0,0.0,-0.005589333333333329,0.0010443592400234678,1.906730379666018e-05,0.020770666666666607,0.006597631359476859,0.0001204557173896317,-0.03275533333333378,0.00979071694117336,0.00017875321742762097,0.0,0.0,0.0,-0.01757400000000005,0.0073296560173951334,0.00013382059798269308
GLY 228,R GLY 228,0.0,0.0,0.0,-0.0006563333333333306,0.00047493145704287,8.671022409705856e-06,0.014442666666666621,0.003455437196972673,6.308736329414516e-05,-0.008832666666666726,0.0049523058153638526,9.041632022462654e-05,0.0,0.0,0.0,0.004953666666666753,0.003790275261185519,6.92006419901698e-05
VAL 229,R VAL 229,0.0,0.0,0.0,-0.0014390000000000273,0.0004962650501496276,9.060518748946117e-06,0.01121033333333328,0.0054177572132961,9.891426122695338e-05,0.01147500000000006,0.008214177276716741,0.00014996967286013711,0.0,0.0,0.0,0.021246333333333277,0.006011571055519281,0.00010975576910510172
LEU 230,R LEU 230,0.0,0.0,0.0,-0.006733999999999957,0.0010990498927104457,2.0065813935371456e-05,0.010156333333333278,0.007540417310880298,0.00013766855513905278,0.00741033333333333,0.01094711346530308,0.00019986603281716816,0.0,0.0,0.0,0.010832666666666642,0.007583974302581927,0.0001384637933687877
LEU 231,R LEU 231,0.0,0.0,0.0,-0.0013479999999999972,0.00047843076824140806,8.734910799011514e-06,0.016097666666666503,0.004159342242336823,7.59388523503999e-05,-0.012511666666666778,0.005821500140761196,0.00010628556485381356,0.0,0.0,0.0,0.002237999999999827,0.004283770457591542,7.821059035990384e-05
TRP 232,R TRP 232,0.0,0.0,0.0,-0.0008289999999999888,0.00037827547281489105,6.906333647054935e-06,0.008653333333333317,0.0026320756490310565,4.805490686781201e-05,-0.0067160000000000344,0.003944533432485952,7.201699799352789e-05,0.0,0.0,0.0,0.001108333333333266,0.002974659177489457,5.43095977466913e-05
GLH 233,R GLH 233,0.0,0.0,0.0,-0.0021393333333333217,0.0005464304367639138,9.976409210766525e-06,0.009541666666666728,0.0110097046836973,0.00020100878689104305,0.011575999999999993,0.0135287677684752,0.00024700037606808985,0.0,0.0,0.0,0.018978333333333385,0.005334903675064679,9.740156949833785e-05
ILE 234,R ILE 234,0.0,0.0,0.0,-0.0018790000000000024,0.0004254711114359083,7.768004176674708e-06,0.0033183333333332214,0.0034865929724524685,6.36561873283735e-05,0.0062343333333333625,0.0051988544785259005,9.491766236917975e-05,0.0,0.0,0.0,0.007673666666666622,0.0038245487606021877,6.982638761534145e-05
PHE 235,R PHE 235,0.0,0.0,0.0,-0.0005646666666666586,0.0004958005871539615,9.052038853617693e-06,0.00196166666666664,0.002912993401220857,5.3183739857078674e-05,-0.008717333333333424,0.0029671702943299258,5.4172870072124776e-05,0.0,0.0,0.0,-0.007320333333333134,0.002796257002177101,5.1052434555805685e-05
SER 236,R SER 236,0.0,0.0,0.0,-0.00030933333333333746,0.0004622188034061693,8.438922170953488e-06,0.0008100000000000402,0.0034077216239985367,6.221620010540455e-05,0.001658666666666668,0.004261943010203487,7.781207751633067e-05,0.0,0.0,0.0,0.002159333333333392,0.002118949320352375,3.8686544698907874e-05
LEU 237,R LEU 237,0.0,0.0,0.0,-0.000560333333333328,0.0004963465411271481,9.062006563833489e-06,-0.003958666666666614,0.0035518480948498127,6.484757741269971e-05,0.01166633333333341,0.004655283724495217,8.499346358308983e-05,0.0,0.0,0.0,0.007147333333333395,0.0022948404931254886,4.1897863465370306e-05
GLY 238,R GLY 238,0.0,0.0,0.0,-0.0005986666666666714,0.0004901682250910118,8.949206461820564e-06,-0.0002313333333332963,0.003050980971570949,5.570303668828122e-05,0.004049000000000015,0.003789626058949124,6.918878923319459e-05,0.0,0.0,0.0,0.0032189999999999172,0.001994251488654152,3.64098841891379e-05
ALA 239,R ALA 239,0.0,0.0,0.0,-0.00044533333333333583,0.0004970025709747904,9.073983975365168e-06,0.007834333333333233,0.005135324191865084,9.375776333288313e-05,-0.007520999999999984,0.005397427689804448,9.854309660696308e-05,0.0,0.0,0.0,-0.00013200000000003975,0.0015741376475178666,2.8739689938788386e-05
SER 240,R SER 240,0.0,0.0,0.0,-0.0005063333333333326,0.0004999598872798459,9.127976937030392e-06,-0.006453333333333309,0.005349313559285565,9.766465678629842e-05,0.012860333333333297,0.005582785435803814,0.00010192725056336861,0.0,0.0,0.0,0.005900666666666692,0.0017317042344338568,3.161644907088793e-05
PRO 241,R PRO 241,0.0,0.0,0.0,-0.0007353333333333379,0.0004411555533167556,8.054361597342e-06,1.4333333333269139e-05,0.00269334882421295,4.91735968750483e-05,-0.00325466666666667,0.0031544378615249854,5.7591892433519734e-05,0.0,0.0,0.0,-0.003975666666666707,0.0016388231210908957,2.9920679706083465e-05
TYR 242,R TYR 242,0.0,0.0,0.0,-0.0004249999999999942,0.000494342998332125,9.025427044374786e-06,7.999999999979935e-05,0.002379131494194412,4.343679955470835e-05,-0.0013753333333333278,0.0024983577717283866,4.5613563609799326e-05,0.0,0.0,0.0,-0.0017203333333336186,0.00100471549317324,1.8343511316197045e-05
PRO 243,R PRO 243,0.0,0.0,0.0,-0.00015966666666666706,0.00036629663146447685,6.687630926375019e-06,-0.0050536666666666456,0.0014715479000775523,2.686666597739445e-05,0.004382666666666659,0.0015049583235276554,2.7476654063375152e-05,0.0,0.0,0.0,-0.0008306666666666652,0.0007411654486160082,1.3531767835014125e-05
GLY 244,R GLY 244,0.0,0.0,0.0,-5.566666666666557e-05,0.00022927688258716098,4.18600401691505e-06,-0.0021236666666666175,0.001368346893964385,2.498248201054744e-05,0.0021073333333333365,0.0013630161000109237,2.488515547395668e-05,0.0,0.0,0.0,-7.199999999995732e-05,0.0006143961805437084,1.1217288244293523e-05
VAL 245,R VAL 245,0.0,0.0,0.0,-0.00011000000000000358,0.00031288975694325044,5.712559263004231e-06,0.0018546666666666312,0.0019339626561945997,3.530916573901301e-05,-0.001713333333333334,0.0019240120119745224,3.5127492662311525e-05,0.0,0.0,0.0,3.133333333327659e-05,0.0006615775758660932,1.2078698728048154e-05
LYS 246,R LYS 246,0.0,0.0,0.0,-0.00011199999999999966,0.0003153664535108312,5.757777348942884e-06,0.02898200000000008,0.03734240229729908,0.000681775869655448,-0.028686999999999928,0.037199010260131095,0.0006791579012113306,0.0,0.0,0.0,0.00018300000000012298,0.0006890894958805118,1.2580995367787318e-05
ILE 247,R ILE 247,0.0,0.0,0.0,-0.00029333333333334265,0.0004552898954390541,8.312418197871278e-06,-0.00045166666666670115,0.0017396351788682028,3.17612476431883e-05,0.0007840000000000047,0.0017282006056396596,3.155248185343104e-05,0.0,0.0,0.0,3.900000000011335e-05,0.0007555212328804274,1.3793867397424128e-05
ASP 248,R ASP 248,0.0,0.0,0.0,-0.00010699999999999736,0.000309113247855855,5.64360995581124e-06,-0.05402533333333345,0.04114320549279372,0.000751168724549119,0.05358999999999989,0.04103203504580306,0.0007491390391642952,0.0,0.0,0.0,-0.0005423333333334313,0.0006891114246299837,1.2581395730145439e-05
GLU 249,R GLU 249,0.0,0.0,0.0,-0.0001203333333333381,0.00032535092165572653,5.940067963197915e-06,-0.09705533333333348,0.042454841948697475,0.0007751158203539397,0.09673566666666676,0.04235825532945737,0.0007733523980169073,0.0,0.0,0.0,-0.0004400000000002796,0.0006676326335148183,1.2189248450088185e-05
GLU 250,R GLU 250,0.0,0.0,0.0,-6.733333333333296e-05,0.0002505983949580579,4.575279793103906e-06,-0.05685500000000025,0.03260956876439826,0.0005953665467592264,0.05679466666666668,0.03254569871563489,0.0005942004445440047,0.0,0.0,0.0,-0.00012766666666689966,0.000649641867150866,1.1860783497943456e-05
PHE 251,R PHE 251,0.0,0.0,0.0,-0.00022166666666666935,0.00041536797608332895,7.583547005536853e-06,0.000183000000000168,0.0014260122720370727,2.6035302955796603e-05,0.0001926666666666641,0.0014515094059480145,2.650081480228836e-05,0.0,0.0,0.0,0.00015400000000020034,0.0008022576477250556,1.4647153686334867e-05
CYS 252,R CYS 252,0.0,0.0,0.0,-0.00015666666666665918,0.0003634862063713141,6.636319819051558e-06,-0.0015026666666666036,0.0019124137162815189,3.491573772298909e-05,0.0012439999999999955,0.0019092225293733305,3.4857474887828085e-05,0.0,0.0,0.0,-0.00041533333333314786,0.0007572966540412776,1.3826282004719785e-05
ARG 253,R ARG 253,0.0,0.0,0.0,-9.533333333333246e-05,0.00029367480124942126,5.361743773838479e-06,0.06301333333333348,0.035125610156819795,0.0006413029676340925,-0.06298600000000003,0.03513001286649371,0.0006413833497475109,0.0,0.0,0.0,-6.800000000018258e-05,0.0006718452202700851,1.2266159409798422e-05
ARG 254,R ARG 254,0.0,0.0,0.0,-8.233333333333241e-05,0.0002748718893513005,5.018451140725711e-06,0.03911133333333342,0.03316812131483403,0.0006055642744734169,-0.03881100000000002,0.03307187040875268,0.0006038069813920481,0.0,0.0,0.0,0.00021799999999951562,0.0006545807818743667,1.1950955331398645e-05
LEU 255,R LEU 255,0.0,0.0,0.0,-0.00022399999999999932,0.00041692205506545254,7.611920476025312e-06,0.0016936666666667198,0.001767812175795026,3.2275686870507464e-05,-0.0010286666666666617,0.001721388457676597,3.142810961661664e-05,0.0,0.0,0.0,0.00044100000000000015,0.0007575304174312539,1.383054992078008e-05
LYS 256,R LYS 256,0.0,0.0,0.0,-0.00012133333333333211,0.0003265142501569471,5.961307338594821e-06,0.10938033333333326,0.038644978283802554,0.0007055575446778647,-0.10919333333333356,0.038508128434857736,0.0007030590197025896,0.0,0.0,0.0,6.566666666655507e-05,0.0007047608735514282,1.286711426970544e-05
GLU 257,R GLU 257,0.0,0.0,0.0,-5.800000000000179e-05,0.0002337434491060729,4.267551991481896e-06,-0.05884733333333338,0.027868417480884925,0.000508805363208399,0.05867600000000001,0.027790628348420044,0.0005073851344557399,0.0,0.0,0.0,-0.0002293333333334194,0.0006356672784475231,1.1605643582454197e-05
GLY 258,R GLY 258,0.0,0.0,0.0,-3.900000000000059e-05,0.00019359493795035324,3.5345438178073806e-06,0.0023266666666666774,0.0011474415986106952,2.0949321565962208e-05,-0.0022196666666666727,0.0011466239817636851,2.093439399294542e-05,0.0,0.0,0.0,6.800000000003953e-05,0.0006115902767919663,1.116605968499294e-05
THR 259,R THR 259,0.0,0.0,0.0,-8.1666666666665e-05,0.0002738562072004561,4.99990740654995e-06,-0.0030336666666667825,0.0018097513334403707,3.304138762667815e-05,0.003280666666666658,0.0018049634037533516,3.2953972390233845e-05,0.0,0.0,0.0,0.00016533333333320063,0.0006377028217664675,1.1642807348873022e-05
ARG 260,R ARG 260,0.0,0.0,0.0,-0.00020566666666666606,0.00040418793758459565,7.379428362885772e-06,0.06046566666666659,0.04609094800379906,0.0008415017306159483,-0.05935633333333336,0.045788950922198986,0.0008359880434861787,0.0,0.0,0.0,0.0009036666666667751,0.0008256633023751359,1.5074480520502357e-05
MET 261,R MET 261,0.0,0.0,0.0,-0.000289,0.00045329791528309803,8.276049782353953e-06,-0.00027433333333334056,0.001485173802025281,2.7115439772831937e-05,-3.366666666666451e-05,0.0015239859652313933,2.7824049682617263e-05,0.0,0.0,0.0,-0.0005970000000000663,0.0007848084692032818,1.432857673012453e-05
ARG 262,R ARG 262,0.0,0.0,0.0,-0.00013400000000000003,0.00034065231541852175,6.2194319140363085e-06,-0.026047000000000015,0.03482889783403038,0.000635885766558042,0.02629566666666658,0.03471850008120865,0.0006338701885740973,0.0,0.0,0.0,0.00011466666666687312,0.0007067660307505017,1.2903723264014655e-05
ALA 263,R ALA 263,0.0,0.0,0.0,-8.133333333333296e-05,0.000273346341153895,4.990598568716367e-06,-0.0008360000000001785,0.0017945576985244393,3.2763991074213024e-05,0.0015133333333333277,0.0016447357099411317,3.002862831563439e-05,0.0,0.0,0.0,0.0005959999999998372,0.0007123557163853075,1.3005776494399514e-05
PRO 264,R PRO 264,0.0,0.0,0.0,-0.00015966666666666936,0.00036629663146448205,6.6876309263751135e-06,-0.004107000000000082,0.0023921157301992945,4.367385818643651e-05,0.0038239999999999993,0.0024559500537809503,4.4839308152061745e-05,0.0,0.0,0.0,-0.00044266666666673606,0.0007403014401054182,1.3515993269976573e-05
ASP 265,R ASP 265,0.0,0.0,0.0,-9.433333333333563e-05,0.00029229190128287794,5.336495590290182e-06,0.05338333333333319,0.040948354328620686,0.0007476112452833287,-0.05355633333333358,0.04081290024680384,0.0007451382034127541,0.0,0.0,0.0,-0.00026733333333331665,0.0007343020873971005,1.3406460576350728e-05
TYR 266,R TYR 266,0.0,0.0,0.0,-0.00018333333333334008,0.00038693955887481117,7.064517492894412e-06,0.0002490000000001184,0.0024952619768939988,4.555704238765926e-05,-0.0002363333333333463,0.002555349921678499,4.665409314741244e-05,0.0,0.0,0.0,-0.0001706666666664862,0.0007226383758298436,1.3193511312030045e-05
THR 267,R THR 267,0.0,0.0,0.0,-0.0001330000000000012,0.0003395747340424521,6.199758059795615e-06,-0.00018933333333337525,0.002369561047020146,4.326206789461645e-05,0.0010706666666666681,0.0023485469739584,4.287840516658379e-05,0.0,0.0,0.0,0.0007483333333332954,0.0008400380282398181,1.5336925907637003e-05
THR 268,R THR 268,0.0,0.0,0.0,-9.26666666666652e-05,0.0002899647488153567,5.294007793583009e-06,-0.0012009999999999957,0.0025361254569388554,4.630310404761693e-05,0.0009103333333333314,0.002499791969122421,4.563974835195359e-05,0.0,0.0,0.0,-0.0003833333333332929,0.000730106537126984,1.3329860658881071e-05
PRO 269,R PRO 269,0.0,0.0,0.0,-6.466666666666472e-05,0.0002459367579051273,4.4901703341441735e-06,-0.00205466666666675,0.0014497166006575957,2.646808280566246e-05,0.0018893333333333364,0.0014098769055803787,2.5740712816398488e-05,0.0,0.0,0.0,-0.00023000000000008067,0.0006312157581471195,1.1524370312996755e-05
GLU 270,R GLU 270,0.0,0.0,0.0,-0.0001083333333333332,0.00031080093664952483,5.6744227965559614e-06,0.013512000000000043,0.03162355434376974,0.0005773644687524389,-0.013236333333333345,0.03155273595990635,0.0005760715078748375,0.0,0.0,0.0,0.00016733333333335309,0.0007080486486738953,1.2927140556324758e-05
MET 271,R MET 271,0.0,0.0,0.0,-0.00034033333333332325,0.0004738212274218466,8.650752482791025e-06,-0.005225333333333277,0.004110299042919267,7.504345012995923e-05,0.006359333333333362,0.004344676384828741,7.932257536768992e-05,0.0,0.0,0.0,0.0007936666666667579,0.001117330101427265,2.0399563357708274e-05
TYR 272,R TYR 272,0.0,0.0,0.0,-0.00019333333333332626,0.00039491208585651664,7.210075255167701e-06,-0.004582999999999875,0.0016843725834860756,3.075229530728591e-05,0.0038579999999999903,0.0017279571753952758,3.1548037445563445e-05,0.0,0.0,0.0,-0.000918333333333182,0.0008126072578777735,1.4836110851069138e-05
GLN 273,R GLN 273,0.0,0.0,0.0,-0.00013200000000000218,0.000338490767968646,6.1799676374558184e-06,-0.0020386666666666713,0.002918647784315461,5.3286974296068355e-05,0.0028216666666666694,0.002718675637552666,4.963599910757781e-05,0.0,0.0,0.0,0.0006510000000000839,0.0008265585278732084,1.5090825027147294e-05
THR 274,R THR 274,0.0,0.0,0.0,-0.0002980000000000085,0.00045737949232559056,8.350568842899565e-06,-0.009911666666666688,0.0029947504997168907,5.467641342649365e-05,0.014658000000000086,0.003390039724447272,6.189337426394561e-05,0.0,0.0,0.0,0.004448333333333295,0.0016763046328820926,3.060499535599794e-05
MET 275,R MET 275,0.0,0.0,0.0,-0.00042033333333332595,0.0004936124210574678,9.012088589263772e-06,-0.009011999999999923,0.0025050328008496387,4.5735432410523114e-05,0.00986400000000014,0.002752363348105809,5.025104974026651e-05,0.0,0.0,0.0,0.00043166666666672436,0.0012814043944917401,2.3395136404979155e-05
LEU 276,R LEU 276,0.0,0.0,0.0,-0.00019566666666666422,0.0003967130225014284,7.242955709336228e-06,-0.005999999999999829,0.0016713268182297085,3.051411331025826e-05,0.005287000000000024,0.0017513702254708273,3.197549930110936e-05,0.0,0.0,0.0,-0.0009086666666664499,0.0008428077413555573,1.538749371934728e-05
ASP 277,R ASP 277,0.0,0.0,0.0,-0.00022966666666666757,0.00042061845999538834,7.679407288085283e-06,-0.05707300000000008,0.03898409510300308,0.0007117489423947157,0.057927333333333234,0.038956018613588224,0.0007112363381751132,0.0,0.0,0.0,0.0006246666666665253,0.0010167554059632902,1.8563329043713888e-05
CYS 278,R CYS 278,0.0,0.0,0.0,-0.0005623333333333464,0.0004960993404103319,9.057493316872434e-06,-0.012713000000000012,0.0035436277550933612,6.469749522886754e-05,0.01569833333333348,0.0038716917777910646,7.068709741344817e-05,0.0,0.0,0.0,0.0024229999999998897,0.0016838658893549145,3.0743044380439496e-05
TRP 279,R TRP 279,0.0,0.0,0.0,-0.000676666666666612,0.00046774874547011693,8.539884637957513e-06,0.0014520000000001261,0.004244568607840486,7.749486577975111e-05,-0.0041909999999999985,0.004390275503883528,8.015509757131226e-05,0.0,0.0,0.0,-0.0034156666666665344,0.0013714546616235134,2.503922182556043e-05
HID 280,R HID 280,0.0,0.0,0.0,-0.00024066666666665821,0.00042748827144403783,7.804832311293036e-06,-0.00407666666666645,0.0038260670261886817,6.985410722567501e-05,0.0037190000000000083,0.0037195034166763127,6.790853080103845e-05,0.0,0.0,0.0,-0.0005983333333331086,0.0008195510288498116,1.4962886184253632e-05
GLY 281,R GLY 281,0.0,0.0,0.0,-9.499999999999849e-05,0.00029321493822791,5.353347862163672e-06,-0.00835533333333349,0.002785989630673723,5.0864978856516154e-05,0.0083023333333333,0.0028026644267356913,5.11694175880141e-05,0.0,0.0,0.0,-0.00014800000000011766,0.0006836880380213724,1.2482378690691843e-05
GLU 282,R GLU 282,0.0,0.0,0.0,-0.00019566666666666972,0.00039671302250143966,7.242955709336435e-06,-0.14226366666666643,0.041732922414111515,0.0007619354332273943,0.14266299999999965,0.04182752798895477,0.0007636626868076407,0.0,0.0,0.0,0.00020366666666687413,0.0009263835898568364,1.6913372968906775e-05
PRO 283,R PRO 283,0.0,0.0,0.0,-0.00041699999999999685,0.0004930628763149757,9.00205532086973e-06,0.003939333333333259,0.0022714869334620733,4.1471487751180465e-05,-0.004632333333333313,0.0022832333554754403,4.1685947094737005e-05,0.0,0.0,0.0,-0.0011100000000000174,0.0009618904996585135,1.7561637483762772e-05
SER 284,R SER 284,0.0,0.0,0.0,-0.00019400000000000369,0.00039542888108989437,7.219510602065439e-06,0.004393333333333357,0.0036008270654886592,6.574180698144236e-05,-0.003923333333333337,0.0036871111847744213,6.731713226435163e-05,0.0,0.0,0.0,0.0002760000000000469,0.0007627738852372869,1.3926282107343962e-05
GLN 285,R GLN 285,0.0,0.0,0.0,-0.0001790000000000039,0.0003833523183704606,6.9990237414467776e-06,0.004383666666666594,0.0037895206234502786,6.91868642531586e-05,-0.002972666666666639,0.003838999811872314,7.009022650735184e-05,0.0,0.0,0.0,0.0012320000000000395,0.0008327720776619169,1.5204268406529198e-05
ARG 286,R ARG 286,0.0,0.0,0.0,-0.0008286666666666674,0.00039578389164906353,7.225992178445754e-06,0.16922666666666683,0.06815113563902478,0.0012442638103029374,-0.14964866666666635,0.065712839168276,0.0011997468110057927,0.0,0.0,0.0,0.018749333333333455,0.0053290868094089195,9.729536854721663e-05
PRO 287,R PRO 287,0.0,0.0,0.0,-0.0005493333333333481,0.0004975602699394588,9.084166118806705e-06,-0.013479999999999994,0.004964030620373021,9.06303848974889e-05,0.014991333333333499,0.004950345936283873,9.038053789189029e-05,0.0,0.0,0.0,0.0009620000000002409,0.0013378674573114632,2.442600617738561e-05
THR 288,R THR 288,0.0,0.0,0.0,-0.0009339999999999966,0.0003868384675804155,7.062671826817482e-06,0.021404999999999983,0.007000022023774543,0.00012780233218180937,-0.008275333333333332,0.007519099561930327,0.0001372793480732151,0.0,0.0,0.0,0.012195666666666697,0.0031303963362844306,5.715295624381701e-05
PHE 289,R PHE 289,0.0,0.0,0.0,-0.008182999999999958,0.002149769987696128,3.924925052362576e-05,0.01629866666666656,0.006567607242282852,0.0001199075545144205,-0.04103166666666712,0.008778876003728519,0.00016027961389276387,0.0,0.0,0.0,-0.03291600000000027,0.008360997388668927,0.00015265022910052533
SER 290,R SER 290,0.0,0.0,0.0,-0.000880000000000002,0.0004077580982232291,7.444610280075659e-06,0.012208666666666607,0.008336573530067467,0.00015220431249061414,-0.01266499999999994,0.007727964911066087,0.00014109269017997667,0.0,0.0,0.0,-0.0013363333333333556,0.002323333787661337,4.24180774705344e-05
GLU 291,R GLU 291,0.0,0.0,0.0,-0.000519666666666679,0.0004996130725093397,9.121644994594318e-06,-0.09033100000000029,0.04234483957933883,0.0007731074610513815,0.0925580000000002,0.042277093514099924,0.0007718705927809293,0.0,0.0,0.0,0.0017073333333333049,0.0018653899205138748,3.4057204600273934e-05
LEU 292,R LEU 292,0.0,0.0,0.0,-0.001221666666666645,0.00043802270362265514,7.997163849117601e-06,0.017442999999999848,0.005004939326971277,9.137727227756309e-05,-0.005505666666666666,0.005602199082106584,0.0001022816936301504,0.0,0.0,0.0,0.010715666666666427,0.0027564750235682775,5.032611832026433e-05
VAL 293,R VAL 293,0.0,0.0,0.0,-0.0013730000000000378,0.0004904463953039581,8.954285131835788e-06,0.01611833333333329,0.0042045606852030935,7.676442438950374e-05,-0.012240666666666818,0.005207822278926279,9.50813912548628e-05,0.0,0.0,0.0,0.0025046666666666724,0.0034019570184756274,6.211095328940401e-05
GLU 294,R GLU 294,0.0,0.0,0.0,-0.00039733333333332685,0.000489346048881102,8.934195646606839e-06,-0.018156333333333382,0.034378208600151935,0.0006276573445640437,0.01726699999999989,0.03436390127735813,0.000627396129782988,0.0,0.0,0.0,-0.00128666666666692,0.0013263316159829043,2.4215391493537205e-05
HID 295,R HID 295,0.0,0.0,0.0,-0.0003246666666666521,0.00046825017055224466,8.549039365570188e-06,0.009737999999999981,0.004476236067650176,8.172451556567408e-05,-0.006447333333333328,0.004421903009137802,8.073253417349156e-05,0.0,0.0,0.0,0.002966000000000035,0.001218815271756508,2.225242059242762e-05
LEU 296,R LEU 296,0.0,0.0,0.0,-0.0007709999999999759,0.0004225624214243108,7.71489900560331e-06,0.008784666666666567,0.0030765183062818734,5.6169282497605655e-05,-0.0036269999999999935,0.003314896328192906,6.0521449824743425e-05,0.0,0.0,0.0,0.004386666666666564,0.0016538305703897647,3.0194676989803652e-05
GLY 297,R GLY 297,0.0,0.0,0.0,-0.00017066666666666977,0.00037621743122237295,6.868759120238068e-06,0.008201000000000146,0.0021439680501350255,3.914332212097734e-05,-0.009686666666666772,0.002257097447804688,4.120877288833223e-05,0.0,0.0,0.0,-0.0016563333333332497,0.0009371374261843989,1.710971026011759e-05
ASN 298,R ASN 298,0.0,0.0,0.0,-0.00015100000000000202,0.0003580488793447112,6.537048263551462e-06,0.007674333333333337,0.0036095624696383466,6.590129291149929e-05,-0.007100333333333306,0.003565707020431652,6.5100605618165e-05,0.0,0.0,0.0,0.0004230000000001226,0.0007638090948223442,1.3945182362060009e-05
LEU 299,R LEU 299,0.0,0.0,0.0,-0.00020966666666666505,0.00040707070092989257,7.432060179958045e-06,0.0031940000000002322,0.001902199779203092,3.472925759836266e-05,-0.0018390000000000027,0.0019747773714185422,3.6054337079223106e-05,0.0,0.0,0.0,0.0011453333333335375,0.0008923068729734372,1.6291220084814946e-05
LEU 300,R LEU 300,0.0,0.0,0.0,-0.00034233333333332893,0.0004744904869670413,8.66297143444865e-06,0.0022353333333333084,0.0018839545877989954,3.439614750176189e-05,-0.002260666666666661,0.0019421773577325467,3.5459144983529875e-05,0.0,0.0,0.0,-0.0003676666666667196,0.0010180804923427338,1.8587521700402696e-05
GLN 301,R GLN 301,0.0,0.0,0.0,-0.0001266666666666607,0.00033259919155375554,6.072402660732454e-06,0.0022986666666665436,0.0046147731857108295,8.425384571945994e-05,-0.002379333333333341,0.004608771299260657,8.414426676624848e-05,0.0,0.0,0.0,-0.0002073333333333783,0.0006978630874957158,1.2741178502386833e-05
ALA 302,R ALA 302,0.0,0.0,0.0,-5.966666666666491e-05,0.0002368682240308992,4.324602315263692e-06,0.0005283333333332839,0.001994959620866639,3.642281285535374e-05,-0.00045000000000000145,0.0020225808595290646,3.6927105371408546e-05,0.0,0.0,0.0,1.866666666665721e-05,0.000623686530950312,1.1386906060454326e-05
ASN 303,R ASN 303,0.0,0.0,0.0,-9.76666666666669e-05,0.0002968634179027272,5.419959682780221e-06,0.07413966666666624,0.03508956387905417,0.0006406448556525482,-0.07406366666666654,0.035008764805720606,0.0006391696731495379,0.0,0.0,0.0,-2.166666666678907e-05,0.0006766564038634172,1.235399920254398e-05
E01 304,L E01   1,0.0,0.0,0.0,-28.359722000000033,1.526361159986495,0.0278674146074785,-10.912965999999999,3.087210603254047,0.056364496239045776,21.572000333333342,2.0676913311707166,0.03775070613466954,-4.628458696800006,0.07707367041229372,0.0014071662624843924,-22.329146363466666,2.1810777442261124,0.03982084933950416

