#Res        AtomicFlx
   1.000       2.8741
   2.000       1.8642
   3.000       1.2995
   4.000       1.5962
   5.000       1.8285
   6.000       1.2401
   7.000       1.0602
   8.000       0.9084
   9.000       0.9967
  10.000       0.8712
  11.000       1.0024
  12.000       0.9176
  13.000       0.6469
  14.000       0.6119
  15.000       0.6319
  16.000       0.7418
  17.000       0.7369
  18.000       0.9804
  19.000       0.8442
  20.000       0.7574
  21.000       0.8370
  22.000       0.7904
  23.000       0.9440
  24.000       0.9611
  25.000       0.7575
  26.000       0.7035
  27.000       0.7293
  28.000       0.6987
  29.000       0.8010
  30.000       1.0280
  31.000       0.9375
  32.000       0.6943
  33.000       0.5753
  34.000       0.5383
  35.000       0.5959
  36.000       0.6356
  37.000       0.6309
  38.000       0.7435
  39.000       0.7162
  40.000       0.9040
  41.000       1.0311
  42.000       0.9290
  43.000       1.4839
  44.000       1.6234
  45.000       1.7167
  46.000       1.6572
  47.000       1.2803
  48.000       1.0196
  49.000       0.9107
  50.000       0.7034
  51.000       0.5289
  52.000       0.4821
  53.000       0.4438
  54.000       0.4669
  55.000       0.5200
  56.000       0.6544
  57.000       0.8821
  58.000       1.3004
  59.000       1.7664
  60.000       1.1441
  61.000       1.1358
  62.000       1.1047
  63.000       1.0950
  64.000       0.8708
  65.000       0.7732
  66.000       0.8581
  67.000       0.7900
  68.000       0.6009
  69.000       0.6410
  70.000       0.7087
  71.000       0.6151
  72.000       0.5118
  73.000       0.5987
  74.000       0.6066
  75.000       0.5395
  76.000       0.5761
  77.000       0.6493
  78.000       0.6204
  79.000       0.6804
  80.000       0.6552
  81.000       0.5619
  82.000       0.5497
  83.000       0.4802
  84.000       0.4767
  85.000       0.4829
  86.000       0.5287
  87.000       0.4553
  88.000       0.4815
  89.000       0.5138
  90.000       0.4559
  91.000       0.5335
  92.000       0.6762
  93.000       0.8671
  94.000       1.1540
  95.000       1.3160
  96.000       0.9595
  97.000       0.7927
  98.000       0.6193
  99.000       0.5378
 100.000       0.4164
 101.000       0.3915
 102.000       0.4152
 103.000       0.5030
 104.000       0.5405
 105.000       0.5626
 106.000       0.7661
 107.000       0.6526
 108.000       0.6586
 109.000       0.5716
 110.000       0.5479
 111.000       0.6533
 112.000       0.6765
 113.000       0.6303
 114.000       0.6137
 115.000       0.7317
 116.000       0.8382
 117.000       0.8505
 118.000       0.9339
 119.000       1.1590
 120.000       1.0171
 121.000       0.9098
 122.000       1.0277
 123.000       1.5660
 124.000       1.8739
 125.000       2.3047
 126.000       2.9680
 127.000       3.6742
 128.000       4.0181
 129.000       3.6360
 130.000       3.8009
 131.000       3.4279
 132.000       3.0045
 133.000       2.8528
 134.000       2.3266
 135.000       1.3892
 136.000       1.0216
 137.000       0.9111
 138.000       0.8236
 139.000       0.7072
 140.000       0.6152
 141.000       0.5523
 142.000       0.5157
 143.000       0.5321
 144.000       0.5054
 145.000       0.4774
 146.000       0.4604
 147.000       0.4689
 148.000       0.4538
 149.000       0.4600
 150.000       0.4927
 151.000       0.4921
 152.000       0.4549
 153.000       0.4893
 154.000       0.5119
 155.000       0.5264
 156.000       0.6257
 157.000       0.7121
 158.000       0.7208
 159.000       0.8098
 160.000       0.7190
 161.000       0.6234
 162.000       0.5329
 163.000       0.5477
 164.000       0.4785
 165.000       0.4394
 166.000       0.4516
 167.000       0.4809
 168.000       0.4886
 169.000       0.4469
 170.000       0.4535
 171.000       0.4703
 172.000       0.5489
 173.000       0.7352
 174.000       1.1094
 175.000       1.1808
 176.000       1.1317
 177.000       0.6432
 178.000       0.4944
 179.000       0.4674
 180.000       0.4194
 181.000       0.4165
 182.000       0.4142
 183.000       0.4771
 184.000       0.6518
 185.000       0.9081
 186.000       0.7341
 187.000       0.7184
 188.000       0.8908
 189.000       0.7797
 190.000       1.0677
 191.000       1.2648
 192.000       0.9574
 193.000       0.9494
 194.000       0.6594
 195.000       0.6451
 196.000       0.7680
 197.000       1.1289
 198.000       1.4543
 199.000       2.1407
 200.000       2.1039
 201.000       1.3058
 202.000       0.9008
 203.000       0.7235
 204.000       0.5383
 205.000       0.5541
 206.000       0.4873
 207.000       0.4439
 208.000       0.5410
 209.000       0.5174
 210.000       0.6393
 211.000       0.6365
 212.000       0.6405
 213.000       0.9521
 214.000       1.4261
 215.000       1.1131
 216.000       1.0453
 217.000       1.0293
 218.000       0.8866
 219.000       0.9699
 220.000       0.9259
 221.000       0.5939
 222.000       0.5595
 223.000       0.4111
 224.000       0.4045
 225.000       0.4044
 226.000       0.3824
 227.000       0.3982
 228.000       0.4230
 229.000       0.3897
 230.000       0.4066
 231.000       0.4411
 232.000       0.4596
 233.000       0.4693
 234.000       0.4668
 235.000       0.5226
 236.000       0.5406
 237.000       0.5554
 238.000       0.6041
 239.000       0.6327
 240.000       0.6204
 241.000       0.5454
 242.000       0.6763
 243.000       1.1254
 244.000       1.5551
 245.000       1.1719
 246.000       1.1615
 247.000       0.9260
 248.000       1.2649
 249.000       1.4722
 250.000       1.2771
 251.000       0.8781
 252.000       0.9681
 253.000       1.0248
 254.000       0.8603
 255.000       0.7677
 256.000       0.9226
 257.000       1.0080
 258.000       0.9777
 259.000       0.8912
 260.000       0.6758
 261.000       0.6767
 262.000       0.7326
 263.000       0.7582
 264.000       0.8197
 265.000       1.3231
 266.000       1.0813
 267.000       0.8338
 268.000       1.0045
 269.000       1.0124
 270.000       0.9178
 271.000       0.7657
 272.000       0.6715
 273.000       0.6828
 274.000       0.6350
 275.000       0.5520
 276.000       0.5555
 277.000       0.5766
 278.000       0.4727
 279.000       0.5090
 280.000       0.5882
 281.000       0.6655
 282.000       0.6814
 283.000       0.6302
 284.000       0.8091
 285.000       0.7590
 286.000       0.5788
 287.000       0.5975
 288.000       0.6205
 289.000       0.5207
 290.000       0.6957
 291.000       0.7094
 292.000       0.6037
 293.000       0.6272
 294.000       0.7473
 295.000       0.7045
 296.000       0.6203
 297.000       0.7632
 298.000       0.8917
 299.000       0.8972
 300.000       0.9817
 301.000       1.3640
 302.000       4.1906
 303.000       6.3304
