#Res        AtomicFlx
   1.000       4.4483
   2.000       2.8091
   3.000       1.7141
   4.000       2.1268
   5.000       2.2008
   6.000       1.4828
   7.000       1.2119
   8.000       0.9672
   9.000       1.0146
  10.000       0.9406
  11.000       1.0265
  12.000       0.9182
  13.000       0.6360
  14.000       0.6049
  15.000       0.6273
  16.000       0.7482
  17.000       0.7700
  18.000       1.0242
  19.000       0.8672
  20.000       0.7689
  21.000       0.8358
  22.000       0.8039
  23.000       0.9786
  24.000       1.0260
  25.000       0.8172
  26.000       0.7254
  27.000       0.7553
  28.000       0.7435
  29.000       0.8323
  30.000       1.2589
  31.000       1.2876
  32.000       0.7270
  33.000       0.6073
  34.000       0.5577
  35.000       0.6127
  36.000       0.6588
  37.000       0.6429
  38.000       0.7455
  39.000       0.7388
  40.000       0.9426
  41.000       1.1208
  42.000       0.9572
  43.000       1.7047
  44.000       1.8605
  45.000       1.9699
  46.000       1.8150
  47.000       1.3451
  48.000       1.0312
  49.000       0.9583
  50.000       0.7274
  51.000       0.5464
  52.000       0.5136
  53.000       0.4700
  54.000       0.5019
  55.000       0.5941
  56.000       0.7209
  57.000       0.9249
  58.000       1.2812
  59.000       1.8393
  60.000       1.2425
  61.000       1.1470
  62.000       1.1026
  63.000       1.0923
  64.000       0.8935
  65.000       0.7819
  66.000       0.8501
  67.000       0.8159
  68.000       0.6344
  69.000       0.6566
  70.000       0.7352
  71.000       0.6504
  72.000       0.5379
  73.000       0.6241
  74.000       0.6306
  75.000       0.5515
  76.000       0.5698
  77.000       0.6375
  78.000       0.6189
  79.000       0.6747
  80.000       0.6547
  81.000       0.5454
  82.000       0.5224
  83.000       0.4720
  84.000       0.4713
  85.000       0.4874
  86.000       0.5291
  87.000       0.4513
  88.000       0.4691
  89.000       0.5109
  90.000       0.4577
  91.000       0.5364
  92.000       0.6773
  93.000       0.8517
  94.000       1.1293
  95.000       1.3470
  96.000       0.9977
  97.000       0.8236
  98.000       0.6331
  99.000       0.5519
 100.000       0.4349
 101.000       0.4136
 102.000       0.4283
 103.000       0.4947
 104.000       0.5422
 105.000       0.5568
 106.000       0.7932
 107.000       0.6460
 108.000       0.6571
 109.000       0.5630
 110.000       0.5517
 111.000       0.6748
 112.000       0.6790
 113.000       0.6220
 114.000       0.6015
 115.000       0.7484
 116.000       0.8503
 117.000       0.8369
 118.000       0.9217
 119.000       1.2046
 120.000       1.0543
 121.000       0.9147
 122.000       1.0016
 123.000       1.5049
 124.000       1.9045
 125.000       2.4014
 126.000       2.7348
 127.000       3.3937
 128.000       3.7820
 129.000       3.2923
 130.000       3.5961
 131.000       3.2869
 132.000       2.2202
 133.000       2.3876
 134.000       2.2041
 135.000       1.3156
 136.000       1.0410
 137.000       0.9347
 138.000       0.8122
 139.000       0.6933
 140.000       0.6063
 141.000       0.5372
 142.000       0.4955
 143.000       0.5140
 144.000       0.4965
 145.000       0.4886
 146.000       0.4680
 147.000       0.4790
 148.000       0.4595
 149.000       0.4620
 150.000       0.5004
 151.000       0.5000
 152.000       0.4747
 153.000       0.4934
 154.000       0.4989
 155.000       0.5204
 156.000       0.6140
 157.000       0.6711
 158.000       0.7145
 159.000       0.8021
 160.000       0.7017
 161.000       0.6350
 162.000       0.5559
 163.000       0.5670
 164.000       0.4918
 165.000       0.4440
 166.000       0.4533
 167.000       0.4790
 168.000       0.4899
 169.000       0.4549
 170.000       0.4456
 171.000       0.4663
 172.000       0.5486
 173.000       0.7603
 174.000       1.1618
 175.000       1.2407
 176.000       1.2027
 177.000       0.6774
 178.000       0.4949
 179.000       0.4619
 180.000       0.4247
 181.000       0.4227
 182.000       0.4333
 183.000       0.4783
 184.000       0.6516
 185.000       0.8048
 186.000       0.6596
 187.000       0.7272
 188.000       0.8557
 189.000       0.8136
 190.000       1.1081
 191.000       1.3181
 192.000       0.9915
 193.000       1.0131
 194.000       0.7128
 195.000       0.6790
 196.000       0.7873
 197.000       1.1433
 198.000       1.5273
 199.000       2.1667
 200.000       2.1171
 201.000       1.3714
 202.000       0.9393
 203.000       0.7604
 204.000       0.5619
 205.000       0.5779
 206.000       0.5192
 207.000       0.4667
 208.000       0.6224
 209.000       0.5497
 210.000       0.6709
 211.000       0.6746
 212.000       0.6805
 213.000       0.9248
 214.000       1.1176
 215.000       1.1011
 216.000       1.1127
 217.000       1.1503
 218.000       1.1926
 219.000       0.9210
 220.000       0.7305
 221.000       0.5467
 222.000       0.5012
 223.000       0.4215
 224.000       0.4115
 225.000       0.4146
 226.000       0.3863
 227.000       0.4008
 228.000       0.4389
 229.000       0.4035
 230.000       0.4036
 231.000       0.4569
 232.000       0.4871
 233.000       0.4765
 234.000       0.4637
 235.000       0.5177
 236.000       0.5482
 237.000       0.5644
 238.000       0.6274
 239.000       0.6678
 240.000       0.6597
 241.000       0.5778
 242.000       0.7509
 243.000       1.2322
 244.000       1.6793
 245.000       1.2514
 246.000       1.1991
 247.000       0.9561
 248.000       1.2767
 249.000       1.6484
 250.000       1.5150
 251.000       0.9541
 252.000       1.0716
 253.000       1.2808
 254.000       1.0377
 255.000       0.8669
 256.000       1.0621
 257.000       1.0992
 258.000       1.0234
 259.000       0.8878
 260.000       0.7214
 261.000       0.7065
 262.000       0.8141
 263.000       0.9143
 264.000       1.1063
 265.000       1.8220
 266.000       1.4991
 267.000       0.9534
 268.000       1.0854
 269.000       1.1159
 270.000       1.0484
 271.000       0.8280
 272.000       0.7192
 273.000       0.7347
 274.000       0.6704
 275.000       0.5784
 276.000       0.5895
 277.000       0.6017
 278.000       0.4839
 279.000       0.5300
 280.000       0.6147
 281.000       0.7041
 282.000       0.7160
 283.000       0.6505
 284.000       0.8247
 285.000       0.7929
 286.000       0.5824
 287.000       0.5941
 288.000       0.5854
 289.000       0.5144
 290.000       0.6818
 291.000       0.6671
 292.000       0.5845
 293.000       0.6335
 294.000       0.7485
 295.000       0.7264
 296.000       0.6292
 297.000       0.7968
 298.000       0.9411
 299.000       0.8961
 300.000       0.9370
 301.000       1.2962
 302.000       2.1461
 303.000       3.5076
