#Res        AtomicFlx
   1.000       6.2327
   2.000       4.7663
   3.000       4.5556
   4.000       3.8303
   5.000       4.2903
   6.000       3.1991
   7.000       1.9991
   8.000       1.1377
   9.000       1.1032
  10.000       0.9515
  11.000       1.1004
  12.000       0.9950
  13.000       0.6715
  14.000       0.6353
  15.000       0.6371
  16.000       0.7530
  17.000       0.7735
  18.000       0.9675
  19.000       0.8341
  20.000       0.7643
  21.000       0.8598
  22.000       0.8507
  23.000       1.0010
  24.000       1.0199
  25.000       0.8249
  26.000       0.7688
  27.000       0.7999
  28.000       0.7649
  29.000       0.9069
  30.000       1.1433
  31.000       1.3348
  32.000       0.7644
  33.000       0.6434
  34.000       0.5983
  35.000       0.6369
  36.000       0.6932
  37.000       0.6817
  38.000       0.7438
  39.000       0.6865
  40.000       0.8386
  41.000       0.9537
  42.000       0.8496
  43.000       1.1356
  44.000       1.3519
  45.000       1.5019
  46.000       1.5238
  47.000       1.2156
  48.000       0.9742
  49.000       0.8286
  50.000       0.7104
  51.000       0.5539
  52.000       0.5302
  53.000       0.5111
  54.000       0.5426
  55.000       0.5923
  56.000       0.7269
  57.000       0.9365
  58.000       1.3677
  59.000       1.7765
  60.000       1.2773
  61.000       1.2871
  62.000       1.2991
  63.000       1.2714
  64.000       0.9626
  65.000       0.8222
  66.000       0.9216
  67.000       0.8733
  68.000       0.6647
  69.000       0.6944
  70.000       0.7773
  71.000       0.6722
  72.000       0.5743
  73.000       0.6704
  74.000       0.6630
  75.000       0.5578
  76.000       0.6223
  77.000       0.7136
  78.000       0.6551
  79.000       0.7167
  80.000       0.6778
  81.000       0.5433
  82.000       0.5274
  83.000       0.4630
  84.000       0.4736
  85.000       0.4868
  86.000       0.5113
  87.000       0.4584
  88.000       0.4716
  89.000       0.5127
  90.000       0.4830
  91.000       0.5614
  92.000       0.7206
  93.000       0.9026
  94.000       1.1674
  95.000       1.3883
  96.000       1.0617
  97.000       0.9137
  98.000       0.6939
  99.000       0.5977
 100.000       0.4674
 101.000       0.4113
 102.000       0.4211
 103.000       0.4941
 104.000       0.5227
 105.000       0.5432
 106.000       0.7819
 107.000       0.6272
 108.000       0.6726
 109.000       0.5541
 110.000       0.5311
 111.000       0.6084
 112.000       0.6451
 113.000       0.6075
 114.000       0.5706
 115.000       0.6845
 116.000       0.7803
 117.000       0.7722
 118.000       0.8429
 119.000       1.0671
 120.000       0.9193
 121.000       0.7747
 122.000       0.7993
 123.000       1.1351
 124.000       1.5446
 125.000       2.0993
 126.000       2.4339
 127.000       2.9978
 128.000       3.2088
 129.000       2.8894
 130.000       2.9924
 131.000       2.7466
 132.000       2.2037
 133.000       2.1416
 134.000       1.7816
 135.000       1.0667
 136.000       0.8178
 137.000       0.8379
 138.000       0.7753
 139.000       0.6847
 140.000       0.6160
 141.000       0.5433
 142.000       0.5090
 143.000       0.5258
 144.000       0.5001
 145.000       0.4981
 146.000       0.4626
 147.000       0.4703
 148.000       0.4560
 149.000       0.4555
 150.000       0.4927
 151.000       0.4869
 152.000       0.4479
 153.000       0.4760
 154.000       0.4948
 155.000       0.5071
 156.000       0.5828
 157.000       0.6711
 158.000       0.7172
 159.000       0.7811
 160.000       0.6837
 161.000       0.6502
 162.000       0.5454
 163.000       0.5528
 164.000       0.4862
 165.000       0.4771
 166.000       0.5147
 167.000       0.4896
 168.000       0.5693
 169.000       0.4754
 170.000       0.4423
 171.000       0.4670
 172.000       0.5273
 173.000       0.7376
 174.000       1.1317
 175.000       1.1841
 176.000       1.1335
 177.000       0.6281
 178.000       0.4888
 179.000       0.4659
 180.000       0.4268
 181.000       0.4287
 182.000       0.4361
 183.000       0.5123
 184.000       0.7135
 185.000       1.0177
 186.000       0.8084
 187.000       0.7383
 188.000       0.9156
 189.000       0.8973
 190.000       1.1083
 191.000       1.1034
 192.000       0.9676
 193.000       0.9399
 194.000       0.6909
 195.000       0.6510
 196.000       0.8456
 197.000       1.2627
 198.000       1.7012
 199.000       2.3918
 200.000       2.3154
 201.000       1.5684
 202.000       1.0857
 203.000       0.8796
 204.000       0.6682
 205.000       0.7040
 206.000       0.5628
 207.000       0.4877
 208.000       0.5545
 209.000       0.5223
 210.000       0.6328
 211.000       0.6448
 212.000       0.6644
 213.000       0.8499
 214.000       1.0771
 215.000       1.0258
 216.000       1.0688
 217.000       1.1100
 218.000       0.9343
 219.000       0.9811
 220.000       0.8399
 221.000       0.5671
 222.000       0.5298
 223.000       0.4374
 224.000       0.4154
 225.000       0.4093
 226.000       0.3961
 227.000       0.4173
 228.000       0.4421
 229.000       0.3978
 230.000       0.4152
 231.000       0.4645
 232.000       0.4752
 233.000       0.4612
 234.000       0.4641
 235.000       0.5080
 236.000       0.5269
 237.000       0.5370
 238.000       0.5850
 239.000       0.6450
 240.000       0.6200
 241.000       0.5620
 242.000       0.7428
 243.000       1.2228
 244.000       1.6870
 245.000       1.2749
 246.000       1.2879
 247.000       1.0224
 248.000       1.3214
 249.000       1.6232
 250.000       1.4157
 251.000       0.9172
 252.000       1.0075
 253.000       1.0963
 254.000       0.8982
 255.000       0.8277
 256.000       0.9904
 257.000       1.0474
 258.000       0.9928
 259.000       0.8898
 260.000       0.7161
 261.000       0.7127
 262.000       0.7579
 263.000       0.7578
 264.000       0.8195
 265.000       1.0146
 266.000       0.9228
 267.000       0.7993
 268.000       0.9467
 269.000       0.9177
 270.000       0.9305
 271.000       0.8066
 272.000       0.6513
 273.000       0.6738
 274.000       0.6748
 275.000       0.5517
 276.000       0.5497
 277.000       0.5952
 278.000       0.4748
 279.000       0.5130
 280.000       0.6012
 281.000       0.6842
 282.000       0.7015
 283.000       0.6416
 284.000       0.8371
 285.000       0.7901
 286.000       0.5880
 287.000       0.6035
 288.000       0.6329
 289.000       0.5253
 290.000       0.7159
 291.000       0.7169
 292.000       0.6097
 293.000       0.6182
 294.000       0.7174
 295.000       0.7239
 296.000       0.6368
 297.000       0.7668
 298.000       0.9065
 299.000       0.9028
 300.000       0.9435
 301.000       1.2959
 302.000       2.1948
 303.000       3.5492
