#Res        AtomicFlx
   1.000       2.3572
   2.000       1.5239
   3.000       1.1233
   4.000       1.4839
   5.000       1.4964
   6.000       1.1166
   7.000       1.1665
   8.000       0.9626
   9.000       1.0933
  10.000       0.9623
  11.000       1.1061
  12.000       0.9897
  13.000       0.6993
  14.000       0.6654
  15.000       0.6866
  16.000       0.8361
  17.000       0.8661
  18.000       1.1755
  19.000       1.0182
  20.000       0.8859
  21.000       0.9793
  22.000       0.9155
  23.000       1.0987
  24.000       1.1526
  25.000       0.9173
  26.000       0.8292
  27.000       0.9317
  28.000       0.8369
  29.000       1.0561
  30.000       1.5375
  31.000       1.2044
  32.000       0.8087
  33.000       0.6263
  34.000       0.5738
  35.000       0.6310
  36.000       0.6694
  37.000       0.6929
  38.000       0.8536
  39.000       0.8138
  40.000       1.0184
  41.000       1.0719
  42.000       0.9079
  43.000       1.3523
  44.000       1.5528
  45.000       1.6567
  46.000       1.7152
  47.000       1.4234
  48.000       1.2185
  49.000       1.0789
  50.000       0.8426
  51.000       0.6153
  52.000       0.5350
  53.000       0.4814
  54.000       0.4935
  55.000       0.6086
  56.000       0.7630
  57.000       1.0650
  58.000       1.3676
  59.000       1.8064
  60.000       1.2085
  61.000       1.2044
  62.000       1.1951
  63.000       1.1486
  64.000       0.9104
  65.000       0.8450
  66.000       0.9249
  67.000       0.8393
  68.000       0.6561
  69.000       0.6900
  70.000       0.7466
  71.000       0.5981
  72.000       0.5416
  73.000       0.6571
  74.000       0.6622
  75.000       0.5916
  76.000       0.6459
  77.000       0.7322
  78.000       0.8149
  79.000       0.8861
  80.000       0.8374
  81.000       0.5953
  82.000       0.5530
  83.000       0.4866
  84.000       0.5234
  85.000       0.5620
  86.000       0.7467
  87.000       0.5501
  88.000       0.5163
  89.000       0.5197
  90.000       0.4680
  91.000       0.5754
  92.000       0.7297
  93.000       0.9368
  94.000       1.2396
  95.000       1.4672
  96.000       1.1568
  97.000       0.9605
  98.000       0.7101
  99.000       0.5902
 100.000       0.4516
 101.000       0.4294
 102.000       0.4897
 103.000       0.5803
 104.000       0.5716
 105.000       0.5620
 106.000       0.7717
 107.000       0.6539
 108.000       0.6948
 109.000       0.5832
 110.000       0.5310
 111.000       0.6188
 112.000       0.6621
 113.000       0.6029
 114.000       0.5647
 115.000       0.7000
 116.000       0.8183
 117.000       0.8000
 118.000       0.8766
 119.000       1.1470
 120.000       1.0133
 121.000       0.8563
 122.000       0.9818
 123.000       1.3749
 124.000       1.6727
 125.000       2.0665
 126.000       2.6636
 127.000       3.1762
 128.000       3.4741
 129.000       3.3470
 130.000       3.3669
 131.000       2.8303
 132.000       2.8193
 133.000       2.9636
 134.000       2.3218
 135.000       1.2887
 136.000       0.8678
 137.000       0.8617
 138.000       0.7686
 139.000       0.6977
 140.000       0.6105
 141.000       0.5178
 142.000       0.4756
 143.000       0.4977
 144.000       0.4897
 145.000       0.4814
 146.000       0.4505
 147.000       0.4847
 148.000       0.4641
 149.000       0.4584
 150.000       0.4999
 151.000       0.4894
 152.000       0.4429
 153.000       0.4849
 154.000       0.5126
 155.000       0.4974
 156.000       0.5446
 157.000       0.6135
 158.000       0.5779
 159.000       0.6395
 160.000       0.5881
 161.000       0.5767
 162.000       0.5086
 163.000       0.5289
 164.000       0.4914
 165.000       0.4859
 166.000       0.5126
 167.000       0.5193
 168.000       0.5650
 169.000       0.4894
 170.000       0.4343
 171.000       0.4796
 172.000       0.5258
 173.000       0.6995
 174.000       1.0022
 175.000       1.0493
 176.000       1.0258
 177.000       0.6391
 178.000       0.5100
 179.000       0.4717
 180.000       0.4368
 181.000       0.4369
 182.000       0.4733
 183.000       0.6576
 184.000       1.0438
 185.000       1.0705
 186.000       0.9650
 187.000       1.2868
 188.000       1.6217
 189.000       1.3549
 190.000       1.5888
 191.000       1.6502
 192.000       1.4080
 193.000       1.2000
 194.000       0.8748
 195.000       0.8765
 196.000       0.8967
 197.000       1.2454
 198.000       1.5955
 199.000       2.3074
 200.000       2.3134
 201.000       1.5253
 202.000       1.0732
 203.000       0.8392
 204.000       0.6143
 205.000       0.5721
 206.000       0.4995
 207.000       0.4614
 208.000       0.5515
 209.000       0.5257
 210.000       0.6221
 211.000       0.6345
 212.000       0.6487
 213.000       0.7084
 214.000       0.8076
 215.000       0.9034
 216.000       0.8631
 217.000       0.8064
 218.000       0.7315
 219.000       0.6456
 220.000       0.5432
 221.000       0.5062
 222.000       0.4625
 223.000       0.4170
 224.000       0.3954
 225.000       0.3984
 226.000       0.3784
 227.000       0.3921
 228.000       0.4100
 229.000       0.3810
 230.000       0.3992
 231.000       0.4253
 232.000       0.4373
 233.000       0.4347
 234.000       0.4293
 235.000       0.4871
 236.000       0.5027
 237.000       0.5329
 238.000       0.6111
 239.000       0.6504
 240.000       0.6617
 241.000       0.5500
 242.000       0.6806
 243.000       1.1275
 244.000       1.5608
 245.000       1.1266
 246.000       1.0820
 247.000       0.8978
 248.000       1.0651
 249.000       1.2379
 250.000       1.1598
 251.000       0.8060
 252.000       0.8626
 253.000       1.0175
 254.000       0.8851
 255.000       0.7728
 256.000       0.9940
 257.000       1.0585
 258.000       0.9351
 259.000       0.8061
 260.000       0.6427
 261.000       0.6376
 262.000       0.7007
 263.000       0.6900
 264.000       0.7860
 265.000       1.2390
 266.000       1.0726
 267.000       0.8509
 268.000       0.9890
 269.000       0.9642
 270.000       0.9053
 271.000       0.7586
 272.000       0.6237
 273.000       0.6674
 274.000       0.6417
 275.000       0.5231
 276.000       0.5377
 277.000       0.5817
 278.000       0.4585
 279.000       0.4911
 280.000       0.5911
 281.000       0.6779
 282.000       0.6941
 283.000       0.6285
 284.000       0.7848
 285.000       0.7336
 286.000       0.5551
 287.000       0.5691
 288.000       0.5666
 289.000       0.4952
 290.000       0.6557
 291.000       0.6636
 292.000       0.5669
 293.000       0.6076
 294.000       0.7243
 295.000       0.6984
 296.000       0.5946
 297.000       0.7532
 298.000       0.8925
 299.000       0.8915
 300.000       0.9228
 301.000       1.4990
 302.000       2.9323
 303.000       3.5967
