#Res        AtomicFlx
   1.000       3.1951
   2.000       1.7972
   3.000       1.3815
   4.000       1.7624
   5.000       1.7535
   6.000       1.2065
   7.000       1.2355
   8.000       1.0000
   9.000       1.1280
  10.000       0.9918
  11.000       1.1611
  12.000       1.0312
  13.000       0.7086
  14.000       0.6820
  15.000       0.7051
  16.000       0.8345
  17.000       0.8229
  18.000       1.1039
  19.000       0.9827
  20.000       0.8730
  21.000       0.9717
  22.000       0.9721
  23.000       1.1968
  24.000       1.3079
  25.000       1.2041
  26.000       1.1461
  27.000       1.0613
  28.000       0.9321
  29.000       1.0572
  30.000       1.4892
  31.000       1.2527
  32.000       0.8421
  33.000       0.7212
  34.000       0.7599
  35.000       0.8866
  36.000       0.8508
  37.000       0.7540
  38.000       0.8117
  39.000       0.8207
  40.000       1.0934
  41.000       1.2502
  42.000       1.0032
  43.000       1.6696
  44.000       1.9568
  45.000       2.1336
  46.000       1.9797
  47.000       1.4617
  48.000       1.1476
  49.000       1.0361
  50.000       0.8617
  51.000       0.6918
  52.000       0.6345
  53.000       0.5118
  54.000       0.4687
  55.000       0.5823
  56.000       0.7484
  57.000       1.1315
  58.000       1.5002
  59.000       1.7715
  60.000       1.1786
  61.000       1.1596
  62.000       1.1376
  63.000       1.1077
  64.000       0.8837
  65.000       0.7968
  66.000       0.8584
  67.000       0.7816
  68.000       0.6087
  69.000       0.6420
  70.000       0.6984
  71.000       0.5594
  72.000       0.5000
  73.000       0.5987
  74.000       0.5967
  75.000       0.5150
  76.000       0.5749
  77.000       0.6595
  78.000       0.7358
  79.000       0.8106
  80.000       0.7017
  81.000       0.5686
  82.000       0.5245
  83.000       0.4909
  84.000       0.5082
  85.000       0.5149
  86.000       0.5706
  87.000       0.4704
  88.000       0.5119
  89.000       0.5342
  90.000       0.4611
  91.000       0.5558
  92.000       0.7095
  93.000       0.9167
  94.000       1.2002
  95.000       1.4162
  96.000       1.0788
  97.000       0.8940
  98.000       0.6647
  99.000       0.5573
 100.000       0.4248
 101.000       0.4354
 102.000       0.4754
 103.000       0.6305
 104.000       0.7106
 105.000       0.6663
 106.000       0.9153
 107.000       0.7677
 108.000       0.7765
 109.000       0.6932
 110.000       0.5837
 111.000       0.7981
 112.000       0.7834
 113.000       0.6438
 114.000       0.6103
 115.000       0.7631
 116.000       0.8329
 117.000       0.8048
 118.000       0.8909
 119.000       1.1530
 120.000       1.0068
 121.000       0.9117
 122.000       1.0291
 123.000       1.3321
 124.000       1.6727
 125.000       1.9530
 126.000       2.2436
 127.000       2.8389
 128.000       3.1351
 129.000       3.0482
 130.000       2.9574
 131.000       2.5327
 132.000       2.6632
 133.000       2.6465
 134.000       2.0100
 135.000       1.2213
 136.000       0.9477
 137.000       0.8885
 138.000       0.7944
 139.000       0.6992
 140.000       0.6116
 141.000       0.5308
 142.000       0.4841
 143.000       0.4912
 144.000       0.4637
 145.000       0.4595
 146.000       0.4362
 147.000       0.4680
 148.000       0.4580
 149.000       0.4533
 150.000       0.4918
 151.000       0.4934
 152.000       0.4494
 153.000       0.4732
 154.000       0.4946
 155.000       0.4962
 156.000       0.5538
 157.000       0.5942
 158.000       0.5836
 159.000       0.6607
 160.000       0.6184
 161.000       0.6412
 162.000       0.6223
 163.000       0.7143
 164.000       0.7427
 165.000       0.6539
 166.000       1.0835
 167.000       1.0615
 168.000       0.8577
 169.000       0.6433
 170.000       0.5593
 171.000       0.5861
 172.000       0.6116
 173.000       0.7544
 174.000       1.1211
 175.000       1.1350
 176.000       1.1133
 177.000       0.6641
 178.000       0.5104
 179.000       0.4837
 180.000       0.4512
 181.000       0.4782
 182.000       0.5015
 183.000       0.5738
 184.000       0.7172
 185.000       0.7042
 186.000       0.6963
 187.000       0.9256
 188.000       1.4328
 189.000       1.1165
 190.000       1.5314
 191.000       1.7067
 192.000       1.3586
 193.000       1.2576
 194.000       1.0667
 195.000       0.8797
 196.000       0.9259
 197.000       1.3278
 198.000       1.6591
 199.000       2.4794
 200.000       2.4952
 201.000       1.6215
 202.000       1.0830
 203.000       0.8570
 204.000       0.7203
 205.000       0.6287
 206.000       0.6912
 207.000       0.5367
 208.000       0.6026
 209.000       0.5634
 210.000       0.6714
 211.000       0.6618
 212.000       0.6453
 213.000       0.8151
 214.000       0.9231
 215.000       0.9936
 216.000       0.9447
 217.000       0.9145
 218.000       0.7227
 219.000       0.6493
 220.000       0.5419
 221.000       0.4988
 222.000       0.4766
 223.000       0.4265
 224.000       0.4124
 225.000       0.4244
 226.000       0.4080
 227.000       0.4178
 228.000       0.4340
 229.000       0.4027
 230.000       0.4308
 231.000       0.4490
 232.000       0.4754
 233.000       0.4968
 234.000       0.4820
 235.000       0.5568
 236.000       0.6163
 237.000       0.6315
 238.000       0.6865
 239.000       0.7363
 240.000       0.7500
 241.000       0.6255
 242.000       0.7928
 243.000       1.2528
 244.000       1.7484
 245.000       1.2461
 246.000       1.2128
 247.000       1.0218
 248.000       1.3112
 249.000       1.5703
 250.000       1.4468
 251.000       0.9136
 252.000       1.0258
 253.000       1.2354
 254.000       1.0101
 255.000       0.8640
 256.000       1.1250
 257.000       1.1987
 258.000       1.0428
 259.000       0.8759
 260.000       0.6898
 261.000       0.7151
 262.000       0.8724
 263.000       1.1520
 264.000       1.3111
 265.000       2.0184
 266.000       1.6378
 267.000       0.9461
 268.000       1.0398
 269.000       1.0326
 270.000       0.9350
 271.000       0.7561
 272.000       0.6465
 273.000       0.6817
 274.000       0.6400
 275.000       0.5546
 276.000       0.5698
 277.000       0.5926
 278.000       0.4810
 279.000       0.5272
 280.000       0.6090
 281.000       0.6956
 282.000       0.7019
 283.000       0.6256
 284.000       0.7769
 285.000       0.7497
 286.000       0.5495
 287.000       0.5797
 288.000       0.5790
 289.000       0.5019
 290.000       0.6689
 291.000       0.6763
 292.000       0.5662
 293.000       0.5979
 294.000       0.7081
 295.000       0.6931
 296.000       0.5806
 297.000       0.7603
 298.000       0.9048
 299.000       0.8848
 300.000       0.9631
 301.000       1.3577
 302.000       1.7551
 303.000       3.0883
