#Res        AtomicFlx
   1.000       2.2763
   2.000       1.6766
   3.000       1.2213
   4.000       1.4525
   5.000       1.5189
   6.000       1.0786
   7.000       1.0686
   8.000       0.9298
   9.000       1.0533
  10.000       0.9659
  11.000       1.0899
  12.000       0.9938
  13.000       0.7035
  14.000       0.6765
  15.000       0.6801
  16.000       0.8133
  17.000       0.8474
  18.000       1.1440
  19.000       0.9752
  20.000       0.8187
  21.000       0.9111
  22.000       0.8784
  23.000       1.0282
  24.000       1.0702
  25.000       0.8711
  26.000       0.8057
  27.000       0.8614
  28.000       0.8039
  29.000       0.8892
  30.000       1.0904
  31.000       0.9666
  32.000       0.8016
  33.000       0.6276
  34.000       0.5777
  35.000       0.6467
  36.000       0.6648
  37.000       0.6503
  38.000       0.7722
  39.000       0.8428
  40.000       1.1026
  41.000       1.2683
  42.000       1.0347
  43.000       1.8248
  44.000       2.0668
  45.000       2.1769
  46.000       1.9653
  47.000       1.4809
  48.000       1.1440
  49.000       1.0061
  50.000       0.7449
  51.000       0.5334
  52.000       0.4916
  53.000       0.4846
  54.000       0.4679
  55.000       0.5671
  56.000       0.7250
  57.000       0.9695
  58.000       1.3469
  59.000       1.7895
  60.000       1.1672
  61.000       1.1497
  62.000       1.1105
  63.000       1.0653
  64.000       0.8523
  65.000       0.7864
  66.000       0.8452
  67.000       0.7643
  68.000       0.6029
  69.000       0.6313
  70.000       0.6788
  71.000       0.5629
  72.000       0.5107
  73.000       0.5990
  74.000       0.6242
  75.000       0.5652
  76.000       0.6062
  77.000       0.6861
  78.000       0.7686
  79.000       0.8482
  80.000       0.7430
  81.000       0.5909
  82.000       0.5427
  83.000       0.5000
  84.000       0.5133
  85.000       0.5385
  86.000       0.5835
  87.000       0.4829
  88.000       0.4962
  89.000       0.5388
  90.000       0.4848
  91.000       0.5822
  92.000       0.7369
  93.000       0.9508
  94.000       1.2537
  95.000       1.4695
  96.000       1.1667
  97.000       0.9597
  98.000       0.6993
  99.000       0.5725
 100.000       0.4351
 101.000       0.4153
 102.000       0.4475
 103.000       0.5435
 104.000       0.5637
 105.000       0.5828
 106.000       0.8418
 107.000       0.6789
 108.000       0.7227
 109.000       0.6136
 110.000       0.5755
 111.000       0.6776
 112.000       0.7175
 113.000       0.6503
 114.000       0.6252
 115.000       0.7706
 116.000       0.8951
 117.000       0.8512
 118.000       0.8893
 119.000       1.1912
 120.000       1.0754
 121.000       0.9065
 122.000       1.0337
 123.000       1.5083
 124.000       2.0015
 125.000       2.6233
 126.000       2.9672
 127.000       3.6125
 128.000       3.9550
 129.000       3.4687
 130.000       3.6919
 131.000       3.3603
 132.000       2.4104
 133.000       2.6230
 134.000       2.3986
 135.000       1.4608
 136.000       1.0426
 137.000       0.9043
 138.000       0.7819
 139.000       0.6866
 140.000       0.5982
 141.000       0.5269
 142.000       0.4978
 143.000       0.5091
 144.000       0.4978
 145.000       0.4871
 146.000       0.4789
 147.000       0.5094
 148.000       0.4712
 149.000       0.4623
 150.000       0.5132
 151.000       0.5073
 152.000       0.4478
 153.000       0.4774
 154.000       0.5095
 155.000       0.5034
 156.000       0.5477
 157.000       0.6065
 158.000       0.5945
 159.000       0.6574
 160.000       0.5993
 161.000       0.6042
 162.000       0.5262
 163.000       0.5818
 164.000       0.5362
 165.000       0.5127
 166.000       0.5642
 167.000       0.5553
 168.000       0.6389
 169.000       0.5278
 170.000       0.4649
 171.000       0.4963
 172.000       0.5730
 173.000       0.7619
 174.000       1.1214
 175.000       1.1886
 176.000       1.1818
 177.000       0.6902
 178.000       0.5306
 179.000       0.4835
 180.000       0.4502
 181.000       0.4444
 182.000       0.4652
 183.000       0.5459
 184.000       0.7834
 185.000       0.8435
 186.000       0.7530
 187.000       0.9296
 188.000       1.2271
 189.000       1.3451
 190.000       1.4073
 191.000       1.6158
 192.000       1.3405
 193.000       1.2091
 194.000       0.7849
 195.000       0.8218
 196.000       0.8608
 197.000       1.2027
 198.000       1.5100
 199.000       2.1977
 200.000       2.2947
 201.000       1.5156
 202.000       1.0978
 203.000       0.8283
 204.000       0.6359
 205.000       0.5968
 206.000       0.5467
 207.000       0.5002
 208.000       0.5759
 209.000       0.5417
 210.000       0.6466
 211.000       0.6431
 212.000       0.6360
 213.000       0.7318
 214.000       0.8177
 215.000       0.9212
 216.000       0.8671
 217.000       0.8075
 218.000       0.7184
 219.000       0.6351
 220.000       0.5316
 221.000       0.4956
 222.000       0.4666
 223.000       0.4248
 224.000       0.4092
 225.000       0.4146
 226.000       0.3994
 227.000       0.4079
 228.000       0.4346
 229.000       0.3989
 230.000       0.4097
 231.000       0.4538
 232.000       0.4742
 233.000       0.4554
 234.000       0.4556
 235.000       0.5175
 236.000       0.5383
 237.000       0.5628
 238.000       0.6356
 239.000       0.6791
 240.000       0.6799
 241.000       0.5831
 242.000       0.7230
 243.000       1.1716
 244.000       1.6803
 245.000       1.2250
 246.000       1.1825
 247.000       0.9725
 248.000       1.1722
 249.000       1.3398
 250.000       1.2706
 251.000       0.9428
 252.000       1.0068
 253.000       1.1113
 254.000       0.9221
 255.000       0.8144
 256.000       1.0873
 257.000       1.1264
 258.000       0.9637
 259.000       0.8290
 260.000       0.6889
 261.000       0.6916
 262.000       0.7789
 263.000       0.9146
 264.000       1.1215
 265.000       1.7819
 266.000       1.5025
 267.000       0.9552
 268.000       1.0562
 269.000       1.0571
 270.000       0.9545
 271.000       0.7809
 272.000       0.6869
 273.000       0.6998
 274.000       0.6505
 275.000       0.5470
 276.000       0.5602
 277.000       0.5916
 278.000       0.4737
 279.000       0.5216
 280.000       0.6006
 281.000       0.6844
 282.000       0.7051
 283.000       0.6309
 284.000       0.7981
 285.000       0.7691
 286.000       0.5594
 287.000       0.5815
 288.000       0.5874
 289.000       0.5219
 290.000       0.6861
 291.000       0.7024
 292.000       0.6192
 293.000       0.6302
 294.000       0.7556
 295.000       0.7506
 296.000       0.6616
 297.000       0.8236
 298.000       0.9744
 299.000       0.9646
 300.000       1.0307
 301.000       1.5218
 302.000       2.6918
 303.000       4.5210
