#Res        AtomicFlx
   1.000       5.1326
   2.000       3.4319
   3.000       2.0037
   4.000       2.1618
   5.000       2.0089
   6.000       1.2870
   7.000       1.1565
   8.000       0.9752
   9.000       1.0966
  10.000       0.9742
  11.000       1.1276
  12.000       1.0201
  13.000       0.7148
  14.000       0.6971
  15.000       0.7082
  16.000       0.8313
  17.000       0.8106
  18.000       1.0322
  19.000       0.8863
  20.000       0.7961
  21.000       0.8415
  22.000       0.8020
  23.000       0.9887
  24.000       1.0879
  25.000       0.8827
  26.000       0.8103
  27.000       0.8719
  28.000       0.8502
  29.000       1.0039
  30.000       1.6571
  31.000       1.6811
  32.000       0.7465
  33.000       0.6478
  34.000       0.5800
  35.000       0.6095
  36.000       0.6486
  37.000       0.6294
  38.000       0.7428
  39.000       0.7236
  40.000       0.9049
  41.000       1.0577
  42.000       0.9096
  43.000       1.4175
  44.000       1.5747
  45.000       1.6869
  46.000       1.6200
  47.000       1.3072
  48.000       1.0064
  49.000       0.9581
  50.000       0.7119
  51.000       0.5265
  52.000       0.4849
  53.000       0.4427
  54.000       0.4547
  55.000       0.5826
  56.000       0.7827
  57.000       0.9278
  58.000       1.2329
  59.000       1.5433
  60.000       1.1662
  61.000       1.2019
  62.000       1.1728
  63.000       1.1400
  64.000       0.9043
  65.000       0.8169
  66.000       0.8762
  67.000       0.8012
  68.000       0.6564
  69.000       0.6728
  70.000       0.8112
  71.000       0.7936
  72.000       0.5840
  73.000       0.6507
  74.000       0.6719
  75.000       0.6281
  76.000       0.6394
  77.000       0.7188
  78.000       0.7611
  79.000       0.8968
  80.000       0.8219
  81.000       0.6339
  82.000       0.6037
  83.000       0.5105
  84.000       0.4892
  85.000       0.5103
  86.000       0.6120
  87.000       0.4822
  88.000       0.5055
  89.000       0.5332
  90.000       0.4973
  91.000       0.6066
  92.000       0.7755
  93.000       0.9819
  94.000       1.2575
  95.000       1.4602
  96.000       1.0812
  97.000       0.9146
  98.000       0.7016
  99.000       0.5754
 100.000       0.4317
 101.000       0.3947
 102.000       0.4415
 103.000       0.5406
 104.000       0.5901
 105.000       0.6145
 106.000       0.8689
 107.000       0.7208
 108.000       0.6984
 109.000       0.6159
 110.000       0.5721
 111.000       0.6524
 112.000       0.7007
 113.000       0.6420
 114.000       0.5828
 115.000       0.7040
 116.000       0.8102
 117.000       0.8098
 118.000       0.9109
 119.000       1.1830
 120.000       1.0261
 121.000       0.8753
 122.000       0.9709
 123.000       1.2808
 124.000       1.6590
 125.000       2.0207
 126.000       2.5012
 127.000       3.2332
 128.000       3.5349
 129.000       3.4169
 130.000       3.2739
 131.000       2.6766
 132.000       2.8932
 133.000       3.0147
 134.000       2.2004
 135.000       1.2176
 136.000       0.8556
 137.000       0.7967
 138.000       0.7230
 139.000       0.6778
 140.000       0.5957
 141.000       0.5090
 142.000       0.4781
 143.000       0.5068
 144.000       0.4909
 145.000       0.4685
 146.000       0.4584
 147.000       0.5020
 148.000       0.4821
 149.000       0.4600
 150.000       0.5094
 151.000       0.5214
 152.000       0.4719
 153.000       0.5033
 154.000       0.5314
 155.000       0.5284
 156.000       0.6043
 157.000       0.6792
 158.000       0.6883
 159.000       0.7478
 160.000       0.6620
 161.000       0.6934
 162.000       0.6037
 163.000       0.6225
 164.000       0.5830
 165.000       0.5433
 166.000       0.5652
 167.000       0.5685
 168.000       0.7497
 169.000       0.6953
 170.000       0.5522
 171.000       0.5442
 172.000       0.6172
 173.000       0.7952
 174.000       1.1916
 175.000       1.2267
 176.000       1.1984
 177.000       0.7462
 178.000       0.5721
 179.000       0.5044
 180.000       0.4670
 181.000       0.5078
 182.000       0.5277
 183.000       0.5460
 184.000       0.7165
 185.000       0.8541
 186.000       0.7695
 187.000       0.9518
 188.000       1.2040
 189.000       1.1913
 190.000       1.2914
 191.000       1.4639
 192.000       1.2271
 193.000       1.2058
 194.000       1.0003
 195.000       0.9349
 196.000       1.0249
 197.000       1.4612
 198.000       1.8233
 199.000       2.5955
 200.000       2.7341
 201.000       1.9182
 202.000       1.2971
 203.000       1.0455
 204.000       0.7800
 205.000       0.7502
 206.000       0.6972
 207.000       0.6726
 208.000       0.5847
 209.000       0.5470
 210.000       0.6469
 211.000       0.6626
 212.000       0.7162
 213.000       0.7814
 214.000       0.8863
 215.000       1.0257
 216.000       0.9855
 217.000       0.8863
 218.000       0.8246
 219.000       0.6693
 220.000       0.5863
 221.000       0.5101
 222.000       0.4893
 223.000       0.4539
 224.000       0.4196
 225.000       0.4234
 226.000       0.4174
 227.000       0.4191
 228.000       0.4318
 229.000       0.4260
 230.000       0.4304
 231.000       0.4460
 232.000       0.4620
 233.000       0.4601
 234.000       0.4497
 235.000       0.5060
 236.000       0.5350
 237.000       0.5485
 238.000       0.6291
 239.000       0.6914
 240.000       0.7405
 241.000       0.6347
 242.000       0.7898
 243.000       1.2408
 244.000       1.7625
 245.000       1.2652
 246.000       1.1946
 247.000       1.0811
 248.000       1.1697
 249.000       1.3258
 250.000       1.1868
 251.000       0.9152
 252.000       0.9991
 253.000       1.0745
 254.000       0.9374
 255.000       0.8785
 256.000       1.0581
 257.000       1.1129
 258.000       0.9934
 259.000       0.8799
 260.000       0.7673
 261.000       0.7466
 262.000       0.7881
 263.000       0.7686
 264.000       0.8163
 265.000       1.3338
 266.000       1.1302
 267.000       0.8580
 268.000       0.9751
 269.000       0.9925
 270.000       0.9102
 271.000       0.7230
 272.000       0.6384
 273.000       0.6748
 274.000       0.6087
 275.000       0.5320
 276.000       0.5549
 277.000       0.5731
 278.000       0.4655
 279.000       0.5173
 280.000       0.6030
 281.000       0.6850
 282.000       0.6983
 283.000       0.6317
 284.000       0.7973
 285.000       0.7597
 286.000       0.5473
 287.000       0.5776
 288.000       0.6001
 289.000       0.5144
 290.000       0.6883
 291.000       0.6813
 292.000       0.5774
 293.000       0.6284
 294.000       0.7747
 295.000       0.7639
 296.000       0.6406
 297.000       0.8325
 298.000       0.9975
 299.000       0.9747
 300.000       1.0263
 301.000       1.5886
 302.000       2.6392
 303.000       3.5617
